guideline_match_Background_Background,guideline_match_Motivation_Result,guideline_match_Method_Method,guideline_match_Result_Motivation,guideline_match_Conclusion_Conclusion,guideline_match,classification_metrics_source_stats_sentences_per_sample,classification_metrics_source_stats_tokens_per_sentence,classification_metrics_source_stats_tokens_per_sample,classification_metrics_source_stats_fkgl_readability,classification_metrics_prediction_stats_sentences_per_sample,classification_metrics_prediction_stats_tokens_per_sentence,classification_metrics_prediction_stats_tokens_per_sample,classification_metrics_prediction_stats_fkgl_readability,classification_metrics_reference_stats_sentences_per_sample,classification_metrics_reference_stats_tokens_per_sentence,classification_metrics_reference_stats_tokens_per_sample,classification_metrics_reference_stats_fkgl_readability,classification_metrics_length_diff_sentences_diff,classification_metrics_length_diff_tokens_diff,classification_metrics_exact_match,classification_metrics_partial_match
,,1.0,,,1.0,1,22.0,22,13.9,1,1.0,1,-3.5,1,1.0,1,20.2,0,0,False,False
,,1.0,,,1.0,1,22.0,22,14.2,1,1.0,1,-3.5,1,1.0,1,-3.5,0,0,True,True
,,,1.0,,1.0,1,27.0,27,12.3,1,1.0,1,20.2,1,1.0,1,8.4,0,0,False,False
,-1.0,,,,-1.0,1,40.0,40,21.3,1,1.0,1,-3.5,1,1.0,1,20.2,0,0,False,False
,,,1.0,,1.0,1,29.0,29,8.8,1,1.0,1,20.2,1,1.0,1,8.4,0,0,False,False
-1.0,,,,,-1.0,1,82.0,82,31.4,1,1.0,1,-3.5,1,1.0,1,8.4,0,0,False,False
,,,-1.0,,-1.0,1,14.0,14,7.2,1,1.0,1,-3.5,1,1.0,1,8.4,0,0,False,False
1.0,,,,,1.0,2,12.5,25,17.8,1,1.0,1,8.4,1,1.0,1,8.4,0,0,True,True
,,,-1.0,,-1.0,1,20.0,20,9.1,1,1.0,1,8.4,1,1.0,1,8.4,0,0,False,False
1.0,,,,,1.0,1,46.0,46,16.6,1,1.0,1,8.4,1,1.0,1,8.4,0,0,True,True
,,,0.0,,0.0,2,8.0,16,12.3,1,1.0,1,8.4,1,1.0,1,20.2,0,0,False,False
,,,-1.0,,-1.0,1,24.0,24,15.8,1,1.0,1,8.4,1,1.0,1,20.2,0,0,False,False
,,1.0,,,1.0,1,17.0,17,5.2,1,1.0,1,-3.5,1,1.0,1,20.2,0,0,False,False
1.0,,,,,1.0,1,14.0,14,4.4,1,1.0,1,8.4,1,1.0,1,8.4,0,0,False,False
,,,-1.0,,-1.0,1,71.0,71,28.3,1,1.0,1,-3.5,1,1.0,1,8.4,0,0,False,False
1.0,,,,,1.0,2,23.5,47,20.5,1,1.0,1,8.4,1,1.0,1,8.4,0,0,True,True
,,,-1.0,,-1.0,1,42.0,42,20.1,1,1.0,1,20.2,1,1.0,1,20.2,0,0,True,True
1.0,,,,,1.0,1,26.0,26,12.3,1,1.0,1,8.4,1,1.0,1,-3.5,0,0,False,False
,,1.0,,,1.0,1,32.0,32,20.1,1,1.0,1,-3.5,1,1.0,1,-3.5,0,0,True,True
,,,-1.0,,-1.0,1,42.0,42,8.5,1,1.0,1,8.4,1,1.0,1,-3.5,0,0,False,False
,,1.0,,,1.0,1,51.0,51,24.0,1,1.0,1,-3.5,1,1.0,1,20.2,0,0,False,False
-1.0,,,,,-1.0,1,14.0,14,10.7,1,1.0,1,8.4,1,1.0,1,20.2,0,0,False,False
,,1.0,,,1.0,1,24.0,24,11.9,1,1.0,1,-3.5,1,1.0,1,-3.5,0,0,True,True
,,,0.0,,0.0,2,12.0,24,12.3,1,1.0,1,8.4,1,1.0,1,20.2,0,0,False,False
,,,1.0,,1.0,1,26.0,26,7.2,1,1.0,1,20.2,1,1.0,1,8.4,0,0,False,False
,,1.0,,,1.0,1,20.0,20,13.1,1,1.0,1,-3.5,1,1.0,1,-3.5,0,0,True,True
,,,0.0,,0.0,1,33.0,33,4.8,1,1.0,1,8.4,1,1.0,1,-3.5,0,0,False,False
,,,1.0,,1.0,2,16.0,32,9.2,1,1.0,1,20.2,1,1.0,1,8.4,0,0,False,False
,-1.0,,,,-1.0,1,29.0,29,18.9,1,1.0,1,8.4,1,1.0,1,20.2,0,0,False,False
,,,1.0,,1.0,1,36.0,36,9.7,1,1.0,1,20.2,1,1.0,1,20.2,0,0,False,False
,-1.0,,,,-1.0,1,39.0,39,21.3,1,1.0,1,-3.5,1,1.0,1,20.2,0,0,False,False
1.0,,,,,1.0,2,16.5,33,9.5,1,1.0,1,8.4,1,1.0,1,-3.5,0,0,False,False
,,1.0,,,1.0,1,29.0,29,11.9,1,1.0,1,-3.5,1,1.0,1,-3.5,0,0,True,True
,,1.0,,,1.0,1,37.0,37,16.2,1,1.0,1,-3.5,1,1.0,1,20.2,0,0,False,False
,-1.0,,,,-1.0,1,47.0,47,20.1,1,1.0,1,8.4,1,1.0,1,20.2,0,0,False,False
,,1.0,,,1.0,4,18.0,72,14.4,1,1.0,1,-3.5,1,1.0,1,8.4,0,0,False,False
,,,,,,1,7.0,7,4.5,1,1.0,1,8.4,1,1.0,1,8.4,0,0,True,True
,,,-1.0,,-1.0,1,14.0,14,10.7,1,1.0,1,8.4,1,1.0,1,20.2,0,0,False,False
-1.0,,,,,-1.0,1,18.0,18,4.0,1,1.0,1,-3.5,1,1.0,1,8.4,0,0,False,False
,,,-1.0,,-1.0,1,25.0,25,17.4,1,1.0,1,-3.5,1,1.0,1,20.2,0,0,False,False
1.0,,,,,1.0,1,14.0,14,11.9,1,1.0,1,8.4,1,1.0,1,20.2,0,0,False,False
1.0,,,,,1.0,1,25.0,25,10.3,1,1.0,1,8.4,1,1.0,1,8.4,0,0,True,True
,,1.0,,,1.0,1,18.0,18,7.6,1,1.0,1,-3.5,1,1.0,1,-3.5,0,0,True,True
1.0,,,,,1.0,1,22.0,22,17.4,1,1.0,1,8.4,1,1.0,1,20.2,0,0,False,False
,,,-1.0,,-1.0,2,31.0,62,12.8,1,1.0,1,-3.5,1,1.0,1,-3.5,0,0,True,True
,,1.0,,,1.0,1,30.0,30,13.8,1,1.0,1,-3.5,1,1.0,1,-3.5,0,0,True,True
,,,1.0,,1.0,1,32.0,32,18.5,1,1.0,1,20.2,1,1.0,1,8.4,0,0,False,False
,,-1.0,,,-1.0,1,28.0,28,14.2,1,1.0,1,8.4,1,1.0,1,20.2,0,0,False,False
,1.0,,,,1.0,2,16.0,32,14.6,1,1.0,1,8.4,1,1.0,1,20.2,0,0,False,False
,,,1.0,,1.0,1,31.0,31,14.6,1,1.0,1,20.2,1,1.0,1,8.4,0,0,False,False
,,1.0,,,1.0,1,32.0,32,19.7,1,1.0,1,-3.5,1,1.0,1,-3.5,0,0,True,True
,,,-1.0,,-1.0,1,48.0,48,14.6,1,1.0,1,-3.5,1,1.0,1,8.4,0,0,False,False
1.0,,,,,1.0,2,23.5,47,21.6,1,1.0,1,8.4,1,1.0,1,8.4,0,0,True,True
,,,0.0,,0.0,1,19.0,19,12.7,1,1.0,1,8.4,1,1.0,1,20.2,0,0,False,False
1.0,,,,,1.0,1,24.0,24,11.1,1,1.0,1,8.4,1,1.0,1,8.4,0,0,False,False
1.0,,,,,1.0,1,45.0,45,22.0,1,1.0,1,8.4,1,1.0,1,20.2,0,0,False,False
1.0,,,,,1.0,1,30.0,30,18.1,1,1.0,1,8.4,1,1.0,1,8.4,0,0,True,True
,,,-1.0,,-1.0,1,30.0,30,17.0,1,1.0,1,-3.5,1,1.0,1,8.4,0,0,False,False
,,,1.0,,1.0,2,25.5,51,7.5,1,1.0,1,20.2,1,1.0,1,8.4,0,0,False,False
,,1.0,,,1.0,1,17.0,17,17.0,1,1.0,1,-3.5,1,1.0,1,20.2,0,0,False,False
,,,-1.0,,-1.0,1,21.0,21,11.1,1,1.0,1,8.4,1,1.0,1,20.2,0,0,False,False
1.0,,,,,1.0,2,47.0,94,35.3,1,1.0,1,8.4,1,1.0,1,8.4,0,0,True,True
,,,-1.0,,-1.0,1,51.0,51,6.8,1,1.0,1,-3.5,1,1.0,1,8.4,0,0,False,False
,-1.0,,,,-1.0,3,9.333333333333334,28,6.8,1,1.0,1,8.4,1,1.0,1,20.2,0,0,False,False
,,-1.0,,,-1.0,3,7.333333333333333,22,3.3,1,1.0,1,8.4,1,1.0,1,8.4,0,0,True,True
1.0,,,,,1.0,1,20.0,20,11.9,1,1.0,1,8.4,1,1.0,1,8.4,0,0,True,True
1.0,,,,,1.0,3,17.333333333333332,52,10.8,1,1.0,1,8.4,1,1.0,1,8.4,0,0,True,True
1.0,,,,,1.0,1,30.0,30,13.4,1,1.0,1,8.4,1,1.0,1,20.2,0,0,False,False
,,1.0,,,1.0,2,29.5,59,15.0,1,1.0,1,-3.5,1,1.0,1,-3.5,0,0,True,True
,,,0.0,,0.0,1,26.0,26,11.1,1,1.0,1,8.4,1,1.0,1,8.4,0,0,False,False
,,1.0,,,1.0,1,21.0,21,14.2,1,1.0,1,-3.5,1,1.0,1,8.4,0,0,False,False
,,,-1.0,,-1.0,1,32.0,32,11.9,2,23.0,46,12.9,1,1.0,1,8.4,1,45,False,False
1.0,,,,,1.0,1,44.0,44,16.1,1,1.0,1,8.4,1,1.0,1,8.4,0,0,False,False
,-1.0,,,,-1.0,1,20.0,20,13.5,1,1.0,1,8.4,1,1.0,1,20.2,0,0,False,False
-1.0,,,,,-1.0,1,35.0,35,21.3,1,1.0,1,-3.5,1,1.0,1,-3.5,0,0,True,True
,,,1.0,,1.0,1,29.0,29,5.5,1,1.0,1,20.2,1,1.0,1,8.4,0,0,False,False
1.0,,,,,1.0,3,8.333333333333334,25,9.6,1,1.0,1,8.4,1,1.0,1,-3.5,0,0,False,False
,,,-1.0,,-1.0,2,20.5,41,5.2,1,1.0,1,-3.5,1,1.0,1,8.4,0,0,False,False
-1.0,,,,,-1.0,1,59.0,59,25.9,1,1.0,1,8.4,1,1.0,1,20.2,0,0,False,False
,,,-1.0,,-1.0,1,20.0,20,10.7,1,1.0,1,8.4,1,1.0,1,8.4,0,0,True,True
1.0,,,,,1.0,1,32.0,32,13.4,1,1.0,1,8.4,1,1.0,1,-3.5,0,0,False,False
1.0,,,,,1.0,2,8.5,17,17.8,1,1.0,1,8.4,1,1.0,1,8.4,0,0,True,True
,,,,1.0,1.0,1,40.0,40,18.1,1,1.0,1,20.2,1,1.0,1,20.2,0,0,True,True
1.0,,,,,1.0,2,16.0,32,13.8,1,1.0,1,8.4,1,1.0,1,8.4,0,0,True,True
,,1.0,,,1.0,1,21.0,21,9.9,1,1.0,1,-3.5,1,1.0,1,-3.5,0,0,True,True
,,,1.0,,1.0,1,11.0,11,6.2,1,1.0,1,20.2,1,1.0,1,8.4,0,0,False,False
-1.0,,,,,-1.0,1,30.0,30,15.4,1,1.0,1,-3.5,1,1.0,1,20.2,0,0,False,False
,1.0,,,,1.0,1,5.0,5,7.2,1,1.0,1,8.4,1,1.0,1,20.2,0,0,False,False
,,,,-1.0,-1.0,1,24.0,24,16.6,1,1.0,1,-3.5,1,1.0,1,8.4,0,0,False,False
,-1.0,,,,-1.0,1,28.0,28,15.8,1,1.0,1,8.4,1,1.0,1,20.2,0,0,False,False
,,,-1.0,,-1.0,1,24.0,24,10.7,1,1.0,1,8.4,1,1.0,1,8.4,0,0,False,False
1.0,,,,,1.0,1,69.0,69,30.6,1,1.0,1,8.4,1,1.0,1,-3.5,0,0,False,False
1.0,,,,,1.0,1,39.0,39,20.9,1,1.0,1,8.4,1,1.0,1,20.2,0,0,False,False
,,1.0,,,1.0,2,21.5,43,9.7,1,1.0,1,-3.5,1,1.0,1,20.2,0,0,False,False
,,,1.0,,1.0,1,13.0,13,-2.6,1,1.0,1,20.2,1,1.0,1,8.4,0,0,False,False
,1.0,,,,1.0,1,13.0,13,10.7,1,1.0,1,8.4,1,1.0,1,8.4,0,0,True,True
1.0,,,,,1.0,1,22.0,22,15.0,1,1.0,1,8.4,1,1.0,1,8.4,0,0,True,True
,,1.0,,,1.0,1,16.0,16,9.5,1,1.0,1,-3.5,1,1.0,1,-3.5,0,0,True,True
1.0,,,,,1.0,1,10.0,10,4.1,1,1.0,1,8.4,1,1.0,1,20.2,0,0,False,False
,,,1.0,,1.0,1,37.0,37,18.9,1,1.0,1,20.2,1,1.0,1,20.2,0,0,False,False
,,,0.0,,0.0,1,86.0,86,25.5,1,1.0,1,8.4,1,1.0,1,20.2,0,0,False,False
1.0,,,,,1.0,3,11.666666666666666,35,11.3,1,1.0,1,8.4,1,1.0,1,20.2,0,0,False,False
,,1.0,,,1.0,1,12.0,12,14.7,1,1.0,1,-3.5,1,1.0,1,-3.5,0,0,True,True
1.0,,,,,1.0,1,37.0,37,17.3,1,1.0,1,8.4,1,1.0,1,20.2,0,0,False,False
,,,0.0,,0.0,2,15.5,31,8.8,1,1.0,1,8.4,1,1.0,1,20.2,0,0,False,False
1.0,,,,,1.0,1,12.0,12,9.9,1,1.0,1,8.4,1,1.0,1,20.2,0,0,False,False
1.0,,,,,1.0,2,11.0,22,13.1,1,1.0,1,8.4,1,1.0,1,8.4,0,0,True,True
,,1.0,,,1.0,3,7.666666666666667,23,12.7,1,1.0,1,-3.5,1,1.0,1,-3.5,0,0,True,True
1.0,,,,,1.0,4,21.0,84,7.8,1,1.0,1,8.4,1,1.0,1,8.4,0,0,True,True
,,,-1.0,,-1.0,1,34.0,34,14.2,1,1.0,1,8.4,1,1.0,1,8.4,0,0,False,False
,,,-1.0,,-1.0,1,65.0,65,5.2,1,1.0,1,-3.5,1,1.0,1,8.4,0,0,False,False
,,,-1.0,,-1.0,2,15.0,30,14.2,1,1.0,1,-3.5,1,1.0,1,8.4,0,0,False,False
,,1.0,,,1.0,1,19.0,19,8.7,1,1.0,1,-3.5,1,1.0,1,8.4,0,0,False,False
-1.0,,,,,-1.0,1,35.0,35,15.8,1,1.0,1,8.4,1,1.0,1,20.2,0,0,False,False
,,1.0,,,1.0,1,66.0,66,18.5,1,1.0,1,-3.5,1,1.0,1,-3.5,0,0,True,True
,,,0.0,,0.0,3,15.666666666666666,47,8.9,1,1.0,1,8.4,1,1.0,1,8.4,0,0,True,True
1.0,,,,,1.0,1,25.0,25,15.8,1,1.0,1,8.4,1,1.0,1,20.2,0,0,False,False
,-1.0,,,,-1.0,1,19.0,19,13.9,1,1.0,1,8.4,1,1.0,1,20.2,0,0,False,False
,,-1.0,,,-1.0,1,26.0,26,13.0,1,1.0,1,8.4,1,1.0,1,20.2,0,0,False,False
,,1.0,,,1.0,1,12.0,12,6.4,1,1.0,1,-3.5,1,1.0,1,-3.5,0,0,True,True
,,1.0,,,1.0,2,12.5,25,15.0,1,1.0,1,-3.5,1,1.0,1,-3.5,0,0,True,True
,,1.0,,,1.0,1,30.0,30,23.3,1,1.0,1,-3.5,1,1.0,1,20.2,0,0,False,False
,,1.0,,,1.0,1,60.0,60,24.3,1,1.0,1,-3.5,1,1.0,1,-3.5,0,0,True,True
1.0,,,,,1.0,1,29.0,29,16.6,1,1.0,1,8.4,1,1.0,1,20.2,0,0,False,False
,,,1.0,,1.0,1,42.0,42,12.1,1,1.0,1,20.2,1,1.0,1,8.4,0,0,False,False
1.0,,,,,1.0,1,18.0,18,11.9,1,1.0,1,8.4,1,1.0,1,-3.5,0,0,False,False
,,1.0,,,1.0,2,6.0,12,4.8,1,1.0,1,-3.5,1,1.0,1,-3.5,0,0,True,True
,,1.0,,,1.0,1,27.0,27,18.2,1,1.0,1,-3.5,1,1.0,1,20.2,0,0,False,False
,-1.0,,,,-1.0,1,22.0,22,8.3,1,1.0,1,8.4,1,1.0,1,20.2,0,0,False,False
,,,1.0,,1.0,1,16.0,16,10.3,1,1.0,1,20.2,1,1.0,1,20.2,0,0,True,True
,,,0.0,,0.0,1,20.0,20,5.6,1,1.0,1,8.4,1,1.0,1,20.2,0,0,False,False
,,,1.0,,1.0,1,21.0,21,12.3,1,1.0,1,20.2,1,1.0,1,8.4,0,0,False,False
,1.0,,,,1.0,1,17.0,17,9.5,1,1.0,1,8.4,1,1.0,1,20.2,0,0,False,False
,-1.0,,,,-1.0,1,31.0,31,13.0,1,1.0,1,-3.5,1,1.0,1,8.4,0,0,False,False
,0.0,,,,0.0,1,29.0,29,12.6,1,1.0,1,20.2,1,1.0,1,20.2,0,0,False,False
,-1.0,,,,-1.0,1,25.0,25,12.7,1,1.0,1,8.4,1,1.0,1,20.2,0,0,False,False
,-1.0,,,,-1.0,1,29.0,29,18.9,1,1.0,1,8.4,1,1.0,1,20.2,0,0,False,False
,,1.0,,,1.0,1,34.0,34,17.3,1,1.0,1,-3.5,1,1.0,1,20.2,0,0,False,False
,,,0.0,,0.0,1,14.0,14,-1.5,1,1.0,1,8.4,1,1.0,1,8.4,0,0,True,True
,,,1.0,,1.0,3,34.666666666666664,104,8.0,1,1.0,1,20.2,1,1.0,1,20.2,0,0,True,True
,,1.0,,,1.0,2,9.0,18,12.3,1,1.0,1,-3.5,1,1.0,1,-3.5,0,0,True,True
1.0,,,,,1.0,1,31.0,31,16.2,1,1.0,1,8.4,1,1.0,1,20.2,0,0,False,False
,,-1.0,,,-1.0,1,17.0,17,9.5,1,1.0,1,8.4,1,1.0,1,8.4,0,0,True,True
,,,-1.0,,-1.0,1,12.0,12,3.7,1,1.0,1,8.4,1,1.0,1,8.4,0,0,False,False
,1.0,,,,1.0,1,40.0,40,20.9,1,1.0,1,8.4,1,1.0,1,20.2,0,0,False,False
,,1.0,,,1.0,1,22.0,22,11.5,1,1.0,1,-3.5,1,1.0,1,-3.5,0,0,True,True
1.0,,,,,1.0,1,21.0,21,13.5,1,1.0,1,8.4,1,1.0,1,-3.5,0,0,False,False
1.0,,,,,1.0,1,19.0,19,13.5,1,1.0,1,8.4,1,1.0,1,-3.5,0,0,False,False
1.0,,,,,1.0,2,17.5,35,9.9,1,1.0,1,8.4,1,1.0,1,8.4,0,0,True,True
,,,1.0,,1.0,1,22.0,22,10.3,1,1.0,1,20.2,1,1.0,1,8.4,0,0,False,False
,,,-1.0,,-1.0,1,34.0,34,15.0,1,1.0,1,8.4,1,1.0,1,20.2,0,0,False,False
,,,0.0,,0.0,1,19.0,19,11.5,1,1.0,1,8.4,1,1.0,1,20.2,0,0,False,False
,-1.0,,,,-1.0,1,25.0,25,10.3,2,23.0,46,13.1,1,1.0,1,-3.5,1,45,False,True
,,,1.0,,1.0,1,40.0,40,19.7,1,1.0,1,20.2,1,1.0,1,8.4,0,0,False,False
-1.0,,,,,-1.0,1,25.0,25,13.1,1,1.0,1,-3.5,1,1.0,1,20.2,0,0,False,False
,,,-1.0,,-1.0,1,52.0,52,23.6,1,1.0,1,-3.5,1,1.0,1,20.2,0,0,False,False
,,1.0,,,1.0,2,27.5,55,6.8,1,1.0,1,-3.5,1,1.0,1,-3.5,0,0,True,True
,,,-1.0,,-1.0,2,16.0,32,6.8,1,1.0,1,8.4,1,1.0,1,8.4,0,0,False,False
,,,0.0,,0.0,1,19.0,19,12.3,1,1.0,1,8.4,1,1.0,1,8.4,0,0,False,False
1.0,,,,,1.0,2,16.5,33,6.0,1,1.0,1,8.4,1,1.0,1,20.2,0,0,False,False
1.0,,,,,1.0,1,15.0,15,10.3,1,1.0,1,8.4,1,1.0,1,8.4,0,0,False,False
,,1.0,,,1.0,1,12.0,12,6.0,1,1.0,1,-3.5,1,1.0,1,-3.5,0,0,True,True
,,,-1.0,,-1.0,2,27.5,55,14.2,1,1.0,1,8.4,1,1.0,1,8.4,0,0,False,False
,-1.0,,,,-1.0,2,14.0,28,15.0,1,1.0,1,8.4,1,1.0,1,8.4,0,0,True,True
,,,1.0,,1.0,2,13.0,26,19.7,1,1.0,1,20.2,1,1.0,1,8.4,0,0,False,False
,,,-1.0,,-1.0,1,37.0,37,14.6,1,1.0,1,8.4,1,1.0,1,8.4,0,0,True,True
1.0,,,,,1.0,1,18.0,18,11.9,1,1.0,1,8.4,1,1.0,1,8.4,0,0,True,True
,,-1.0,,,-1.0,1,28.0,28,9.1,1,1.0,1,8.4,1,1.0,1,8.4,0,0,False,False
1.0,,,,,1.0,1,21.0,21,13.9,1,1.0,1,8.4,1,1.0,1,8.4,0,0,True,True
,,1.0,,,1.0,1,22.0,22,10.3,1,1.0,1,-3.5,1,1.0,1,-3.5,0,0,True,True
-1.0,,,,,-1.0,1,32.0,32,16.6,1,1.0,1,-3.5,1,1.0,1,-3.5,0,0,True,True
,,1.0,,,1.0,1,14.0,14,11.5,1,1.0,1,-3.5,1,1.0,1,-3.5,0,0,True,True
,,1.0,,,1.0,1,34.0,34,11.5,1,1.0,1,-3.5,1,1.0,1,-3.5,0,0,True,True
,,-1.0,,,-1.0,1,25.0,25,10.3,1,1.0,1,8.4,1,1.0,1,20.2,0,0,False,False
,1.0,,,,1.0,1,14.0,14,10.7,1,1.0,1,8.4,1,1.0,1,20.2,0,0,False,False
1.0,,,,,1.0,2,12.0,24,12.3,1,1.0,1,8.4,1,1.0,1,20.2,0,0,False,False
,-1.0,,,,-1.0,1,24.0,24,13.4,1,1.0,1,8.4,1,1.0,1,20.2,0,0,False,False
,,,1.0,,1.0,2,9.5,19,12.3,1,1.0,1,20.2,1,1.0,1,8.4,0,0,False,False
1.0,,,,,1.0,2,27.0,54,16.4,1,1.0,1,8.4,1,1.0,1,20.2,0,0,False,False
1.0,,,,,1.0,1,11.0,11,9.6,1,1.0,1,8.4,1,1.0,1,20.2,0,0,False,False
,,,-1.0,,-1.0,1,52.0,52,24.4,1,1.0,1,-3.5,1,1.0,1,8.4,0,0,False,False
,,,,1.0,1.0,3,18.333333333333332,55,8.1,1,1.0,1,20.2,1,1.0,1,8.4,0,0,False,False
,,-1.0,,,-1.0,1,18.0,18,5.2,1,1.0,1,8.4,1,1.0,1,-3.5,0,0,False,False
,,,-1.0,,-1.0,2,31.5,63,24.7,1,1.0,1,8.4,1,1.0,1,8.4,0,0,False,False
,,1.0,,,1.0,1,13.0,13,12.3,1,1.0,1,-3.5,1,1.0,1,-3.5,0,0,True,True
1.0,,,,,1.0,2,27.0,54,25.2,1,1.0,1,8.4,1,1.0,1,20.2,0,0,False,False
1.0,,,,,1.0,1,26.0,26,15.0,1,1.0,1,8.4,1,1.0,1,20.2,0,0,False,False
1.0,,,,,1.0,2,29.0,58,29.9,1,1.0,1,8.4,1,1.0,1,8.4,0,0,True,True
,,1.0,,,1.0,1,35.0,35,13.8,1,1.0,1,-3.5,1,1.0,1,8.4,0,0,False,False
1.0,,,,,1.0,1,13.0,13,11.1,1,1.0,1,8.4,1,1.0,1,20.2,0,0,False,False
,1.0,,,,1.0,1,18.0,18,13.5,1,1.0,1,8.4,1,1.0,1,20.2,0,0,False,False
,,,-1.0,,-1.0,1,20.0,20,14.2,1,1.0,1,-3.5,1,1.0,1,20.2,0,0,False,False
,,1.0,,,1.0,1,14.0,14,15.4,1,1.0,1,-3.5,1,1.0,1,-3.5,0,0,True,True
1.0,,,,,1.0,1,23.0,23,15.0,1,1.0,1,8.4,1,1.0,1,-3.5,0,0,False,False
,,1.0,,,1.0,1,52.0,52,21.2,1,1.0,1,-3.5,1,1.0,1,-3.5,0,0,True,True
1.0,,,,,1.0,2,18.5,37,13.8,1,1.0,1,8.4,1,1.0,1,8.4,0,0,False,False
1.0,,,,,1.0,1,31.0,31,15.8,1,1.0,1,8.4,1,1.0,1,8.4,0,0,False,False
,,1.0,,,1.0,1,25.0,25,10.3,1,1.0,1,-3.5,1,1.0,1,-3.5,0,0,True,True
1.0,,,,,1.0,1,27.0,27,11.1,1,1.0,1,8.4,1,1.0,1,8.4,0,0,True,True
,,1.0,,,1.0,1,35.0,35,16.6,1,1.0,1,-3.5,1,1.0,1,20.2,0,0,False,False
,,1.0,,,1.0,2,298.0,596,3.1,1,1.0,1,-3.5,1,1.0,1,-3.5,0,0,True,True
-1.0,,,,,-1.0,1,21.0,21,13.1,1,1.0,1,8.4,1,1.0,1,8.4,0,0,False,False
,1.0,,,,1.0,1,24.0,24,17.8,1,1.0,1,8.4,1,1.0,1,20.2,0,0,False,False
,,1.0,,,1.0,1,19.0,19,9.1,1,1.0,1,-3.5,1,1.0,1,20.2,0,0,False,False
,,1.0,,,1.0,1,29.0,29,15.0,1,1.0,1,-3.5,1,1.0,1,20.2,0,0,False,False
,,1.0,,,1.0,1,28.0,28,14.6,1,1.0,1,-3.5,1,1.0,1,20.2,0,0,False,False
,,1.0,,,1.0,1,69.0,69,10.1,1,1.0,1,-3.5,1,1.0,1,-3.5,0,0,True,True
,,,1.0,,1.0,1,15.0,15,3.7,1,1.0,1,20.2,1,1.0,1,8.4,0,0,False,False
,,,0.0,,0.0,1,31.0,31,8.8,1,1.0,1,8.4,1,1.0,1,8.4,0,0,True,True
,,1.0,,,1.0,2,38.5,77,7.0,1,1.0,1,-3.5,1,1.0,1,-3.5,0,0,True,True
,1.0,,,,1.0,1,18.0,18,11.9,1,1.0,1,8.4,1,1.0,1,20.2,0,0,False,False
1.0,,,,,1.0,2,23.0,46,22.4,1,1.0,1,8.4,1,1.0,1,8.4,0,0,False,False
,,1.0,,,1.0,1,56.0,56,12.2,1,1.0,1,-3.5,1,1.0,1,-3.5,0,0,True,True
,,,-1.0,,-1.0,2,7.5,15,3.6,1,1.0,1,-3.5,1,1.0,1,8.4,0,0,False,False
1.0,,,,,1.0,1,23.0,23,11.9,1,1.0,1,8.4,1,1.0,1,8.4,0,0,True,True
1.0,,,,,1.0,1,22.0,22,11.9,1,1.0,1,8.4,1,1.0,1,8.4,0,0,True,True
,,,1.0,,1.0,1,31.0,31,18.5,1,1.0,1,20.2,1,1.0,1,20.2,0,0,False,False
,,,,-1.0,-1.0,1,17.0,17,8.0,1,1.0,1,-3.5,1,1.0,1,20.2,0,0,False,False
1.0,,,,,1.0,1,10.0,10,13.9,1,1.0,1,8.4,1,1.0,1,8.4,0,0,True,True
,,1.0,,,1.0,1,17.0,17,6.0,1,1.0,1,-3.5,1,1.0,1,-3.5,0,0,True,True
,,,-1.0,,-1.0,2,26.0,52,7.8,1,1.0,1,8.4,1,1.0,1,20.2,0,0,False,False
,-1.0,,,,-1.0,1,20.0,20,11.5,1,1.0,1,8.4,1,1.0,1,20.2,0,0,False,False
,-1.0,,,,-1.0,3,12.666666666666666,38,9.3,1,1.0,1,8.4,1,1.0,1,8.4,0,0,True,True
,,1.0,,,1.0,1,37.0,37,13.8,1,1.0,1,-3.5,1,1.0,1,-3.5,0,0,True,True
,,1.0,,,1.0,1,30.0,30,19.3,1,1.0,1,-3.5,1,1.0,1,-3.5,0,0,True,True
,,,0.0,,0.0,1,21.0,21,13.5,1,1.0,1,8.4,1,1.0,1,8.4,0,0,True,True
1.0,,,,,1.0,1,17.0,17,9.1,1,1.0,1,8.4,1,1.0,1,20.2,0,0,False,False
1.0,,,,,1.0,1,16.0,16,10.3,1,1.0,1,8.4,1,1.0,1,8.4,0,0,False,False
1.0,,,,,1.0,2,25.5,51,21.3,1,1.0,1,8.4,1,1.0,1,8.4,0,0,True,True
,,1.0,,,1.0,1,23.0,23,15.4,1,1.0,1,-3.5,1,1.0,1,-3.5,0,0,True,True
,,1.0,,,1.0,1,14.0,14,4.8,1,1.0,1,-3.5,1,1.0,1,20.2,0,0,False,False
1.0,,,,,1.0,1,17.0,17,7.2,1,1.0,1,8.4,1,1.0,1,8.4,0,0,True,True
1.0,,,,,1.0,1,26.0,26,16.2,1,1.0,1,8.4,1,1.0,1,8.4,0,0,True,True
,,,-1.0,,-1.0,2,56.5,113,9.5,1,1.0,1,-3.5,1,1.0,1,8.4,0,0,False,False
1.0,,,,,1.0,1,47.0,47,20.8,1,1.0,1,8.4,1,1.0,1,-3.5,0,0,False,False
,,1.0,,,1.0,1,46.0,46,18.1,1,1.0,1,-3.5,1,1.0,1,-3.5,0,0,True,True
,,1.0,,,1.0,1,18.0,18,12.3,1,1.0,1,-3.5,1,1.0,1,20.2,0,0,False,False
1.0,,,,,1.0,1,96.0,96,11.9,1,1.0,1,8.4,1,1.0,1,20.2,0,0,False,False
,,-1.0,,,-1.0,1,28.0,28,23.7,1,1.0,1,8.4,1,1.0,1,20.2,0,0,False,False
,,,-1.0,,-1.0,1,46.0,46,19.3,1,1.0,1,8.4,1,1.0,1,20.2,0,0,False,False
,,,-1.0,,-1.0,1,31.0,31,15.0,1,1.0,1,-3.5,1,1.0,1,20.2,0,0,False,False
,,1.0,,,1.0,1,28.0,28,13.9,1,1.0,1,-3.5,1,1.0,1,8.4,0,0,False,False
,,1.0,,,1.0,1,17.0,17,13.1,1,1.0,1,-3.5,1,1.0,1,20.2,0,0,False,False
1.0,,,,,1.0,1,17.0,17,12.7,1,1.0,1,8.4,1,1.0,1,-3.5,0,0,False,False
,-1.0,,,,-1.0,2,27.0,54,11.1,1,1.0,1,-3.5,1,1.0,1,20.2,0,0,False,False
,,1.0,,,1.0,1,30.0,30,17.4,1,1.0,1,-3.5,1,1.0,1,20.2,0,0,False,False
,-1.0,,,,-1.0,1,22.0,22,14.6,1,1.0,1,8.4,1,1.0,1,20.2,0,0,False,False
,,1.0,,,1.0,1,38.0,38,17.3,1,1.0,1,-3.5,1,1.0,1,20.2,0,0,False,False
,,,-1.0,,-1.0,1,16.0,16,9.1,1,1.0,1,-3.5,1,1.0,1,8.4,0,0,False,False
,,,0.0,,0.0,1,30.0,30,17.0,1,1.0,1,8.4,1,1.0,1,20.2,0,0,False,False
,,,0.0,,0.0,1,36.0,36,17.3,1,1.0,1,8.4,1,1.0,1,20.2,0,0,False,False
,,1.0,,,1.0,1,26.0,26,15.0,1,1.0,1,-3.5,1,1.0,1,20.2,0,0,False,False
1.0,,,,,1.0,2,13.0,26,15.4,1,1.0,1,8.4,1,1.0,1,8.4,0,0,True,True
,,1.0,,,1.0,2,20.5,41,22.8,1,1.0,1,-3.5,1,1.0,1,-3.5,0,0,True,True
,,,-1.0,,-1.0,2,14.5,29,13.8,1,1.0,1,8.4,1,1.0,1,20.2,0,0,False,False
-1.0,,,,,-1.0,1,10.0,10,12.3,2,16.0,32,9.5,1,1.0,1,8.4,1,31,False,True
,,,1.0,,1.0,2,17.5,35,15.8,1,1.0,1,20.2,1,1.0,1,8.4,0,0,False,False
1.0,,,,,1.0,1,24.0,24,10.3,1,1.0,1,8.4,1,1.0,1,8.4,0,0,False,False
,,1.0,,,1.0,1,31.0,31,18.5,1,1.0,1,-3.5,1,1.0,1,20.2,0,0,False,False
,1.0,,,,1.0,1,14.0,14,9.5,1,1.0,1,8.4,1,1.0,1,20.2,0,0,False,False
,,,1.0,,1.0,1,27.0,27,11.9,1,1.0,1,20.2,1,1.0,1,8.4,0,0,False,False
,,1.0,,,1.0,1,22.0,22,4.4,1,1.0,1,-3.5,1,1.0,1,-3.5,0,0,True,True
,-1.0,,,,-1.0,1,20.0,20,11.1,1,1.0,1,8.4,1,1.0,1,8.4,0,0,True,True
1.0,,,,,1.0,1,28.0,28,14.2,1,1.0,1,8.4,1,1.0,1,20.2,0,0,False,False
-1.0,,,,,-1.0,1,28.0,28,14.6,1,1.0,1,8.4,1,1.0,1,20.2,0,0,False,False
,-1.0,,,,-1.0,1,21.0,21,19.3,1,1.0,1,8.4,1,1.0,1,20.2,0,0,False,False
,,1.0,,,1.0,3,15.666666666666666,47,11.7,1,1.0,1,-3.5,1,1.0,1,8.4,0,0,False,False
,,1.0,,,1.0,1,44.0,44,18.1,1,1.0,1,-3.5,1,1.0,1,8.4,0,0,False,False
,,,-1.0,,-1.0,1,12.0,12,6.4,1,1.0,1,-3.5,1,1.0,1,8.4,0,0,False,False
,,1.0,,,1.0,1,15.0,15,6.4,1,1.0,1,-3.5,1,1.0,1,-3.5,0,0,True,True
-1.0,,,,,-1.0,1,28.0,28,18.9,1,1.0,1,-3.5,1,1.0,1,8.4,0,0,False,False
,,,-1.0,,-1.0,2,14.0,28,9.2,1,1.0,1,8.4,1,1.0,1,20.2,0,0,False,False
,,1.0,,,1.0,1,17.0,17,13.1,1,1.0,1,-3.5,1,1.0,1,20.2,0,0,False,False
,,,1.0,,1.0,1,31.0,31,11.8,1,1.0,1,20.2,1,1.0,1,8.4,0,0,False,False
,,,1.0,,1.0,1,23.0,23,9.5,1,1.0,1,20.2,1,1.0,1,8.4,0,0,False,False
,,1.0,,,1.0,1,21.0,21,14.2,1,1.0,1,-3.5,1,1.0,1,-3.5,0,0,True,True
1.0,,,,,1.0,1,29.0,29,11.1,1,1.0,1,8.4,1,1.0,1,8.4,0,0,False,False
1.0,,,,,1.0,1,10.0,10,8.0,1,1.0,1,8.4,1,1.0,1,-3.5,0,0,False,False
,,1.0,,,1.0,1,11.0,11,11.9,1,1.0,1,-3.5,1,1.0,1,8.4,0,0,False,False
1.0,,,,,1.0,1,13.0,13,6.8,1,1.0,1,8.4,1,1.0,1,8.4,0,0,True,True
,-1.0,,,,-1.0,1,37.0,37,18.1,1,1.0,1,8.4,1,1.0,1,20.2,0,0,False,False
,,,0.0,,0.0,1,14.0,14,8.4,1,1.0,1,8.4,1,1.0,1,8.4,0,0,True,True
,,,-1.0,,-1.0,2,7.0,14,13.1,1,1.0,1,8.4,1,1.0,1,8.4,0,0,True,True
,,1.0,,,1.0,3,7.0,21,4.6,1,1.0,1,-3.5,1,1.0,1,-3.5,0,0,True,True
,,-1.0,,,-1.0,1,13.0,13,11.5,1,1.0,1,8.4,1,1.0,1,20.2,0,0,False,False
,,,0.0,,0.0,1,22.0,22,15.0,1,1.0,1,8.4,1,1.0,1,8.4,0,0,True,True
1.0,,,,,1.0,1,47.0,47,20.8,1,1.0,1,8.4,1,1.0,1,20.2,0,0,False,False
,,,-1.0,,-1.0,1,55.0,55,15.8,1,1.0,1,-3.5,1,1.0,1,20.2,0,0,False,False
,,1.0,,,1.0,2,13.0,26,10.3,1,1.0,1,-3.5,1,1.0,1,-3.5,0,0,True,True
,,1.0,,,1.0,1,10.0,10,12.7,1,1.0,1,-3.5,1,1.0,1,-3.5,0,0,True,True
,-1.0,,,,-1.0,1,19.0,19,11.5,1,1.0,1,8.4,1,1.0,1,20.2,0,0,False,False
,,,-1.0,,-1.0,1,621.0,621,1.2,1,1.0,1,-3.5,1,1.0,1,-3.5,0,0,True,True
1.0,,,,,1.0,1,36.0,36,17.0,1,1.0,1,8.4,1,1.0,1,20.2,0,0,False,False
1.0,,,,,1.0,1,34.0,34,16.6,1,1.0,1,8.4,1,1.0,1,20.2,0,0,False,False
,,1.0,,,1.0,2,47.5,95,18.9,1,1.0,1,-3.5,1,1.0,1,8.4,0,0,False,False
,,-1.0,,,-1.0,1,38.0,38,16.2,1,1.0,1,8.4,1,1.0,1,20.2,0,0,False,False
,,1.0,,,1.0,1,34.0,34,20.5,1,1.0,1,-3.5,1,1.0,1,-3.5,0,0,True,True
,,,0.0,,0.0,1,23.0,23,12.3,1,1.0,1,8.4,1,1.0,1,8.4,0,0,True,True
1.0,,,,,1.0,1,42.0,42,17.3,1,1.0,1,8.4,1,1.0,1,-3.5,0,0,False,False
,,,1.0,,1.0,1,42.0,42,16.2,1,1.0,1,20.2,1,1.0,1,20.2,0,0,False,False
,-1.0,,,,-1.0,1,37.0,37,18.5,1,1.0,1,8.4,1,1.0,1,20.2,0,0,False,False
,,,0.0,,0.0,1,26.0,26,16.2,1,1.0,1,8.4,1,1.0,1,20.2,0,0,False,False
,,1.0,,,1.0,1,35.0,35,16.2,1,1.0,1,-3.5,1,1.0,1,-3.5,0,0,True,True
1.0,,,,,1.0,1,37.0,37,22.5,1,1.0,1,8.4,1,1.0,1,-3.5,0,0,False,False
,,,0.0,,0.0,2,5.5,11,1.5,1,1.0,1,8.4,1,1.0,1,8.4,0,0,True,True
,,,-1.0,,-1.0,1,22.0,22,7.0,1,1.0,1,-3.5,1,1.0,1,8.4,0,0,False,False
1.0,,,,,1.0,1,18.0,18,8.7,1,1.0,1,8.4,1,1.0,1,8.4,0,0,False,False
,,,1.0,,1.0,1,27.0,27,5.0,1,1.0,1,20.2,1,1.0,1,20.2,0,0,False,False
,,,-1.0,,-1.0,1,36.0,36,15.0,1,1.0,1,-3.5,1,1.0,1,20.2,0,0,False,False
,,,-1.0,,-1.0,2,9.5,19,13.5,1,1.0,1,8.4,1,1.0,1,20.2,0,0,False,False
,,,1.0,,1.0,2,27.5,55,7.2,1,1.0,1,20.2,1,1.0,1,8.4,0,0,False,False
1.0,,,,,1.0,2,30.5,61,24.3,1,1.0,1,8.4,1,1.0,1,8.4,0,0,True,True
,,1.0,,,1.0,1,32.0,32,20.1,1,1.0,1,-3.5,1,1.0,1,20.2,0,0,False,False
,,,,1.0,1.0,1,21.0,21,14.6,1,1.0,1,20.2,1,1.0,1,20.2,0,0,True,True
,,,-1.0,,-1.0,1,21.0,21,7.2,1,1.0,1,-3.5,1,1.0,1,20.2,0,0,False,False
,,1.0,,,1.0,1,12.0,12,6.4,1,1.0,1,-3.5,1,1.0,1,8.4,0,0,False,False
,-1.0,,,,-1.0,1,16.0,16,12.7,1,1.0,1,8.4,1,1.0,1,20.2,0,0,False,False
,,1.0,,,1.0,1,42.0,42,21.3,1,1.0,1,-3.5,1,1.0,1,20.2,0,0,False,False
,-1.0,,,,-1.0,1,16.0,16,9.9,1,1.0,1,8.4,1,1.0,1,8.4,0,0,True,True
1.0,,,,,1.0,1,33.0,33,17.7,1,1.0,1,8.4,1,1.0,1,20.2,0,0,False,False
1.0,,,,,1.0,2,8.0,16,3.6,1,1.0,1,8.4,1,1.0,1,8.4,0,0,True,True
,,,-1.0,,-1.0,1,20.0,20,9.5,1,1.0,1,8.4,1,1.0,1,8.4,0,0,True,True
-1.0,,,,,-1.0,1,68.0,68,28.7,1,1.0,1,-3.5,1,1.0,1,20.2,0,0,False,False
,,,-1.0,,-1.0,1,21.0,21,15.4,1,1.0,1,8.4,1,1.0,1,8.4,0,0,False,False
,-1.0,,,,-1.0,1,35.0,35,17.7,1,1.0,1,8.4,1,1.0,1,8.4,0,0,True,True
1.0,,,,,1.0,1,32.0,32,15.4,1,1.0,1,8.4,1,1.0,1,20.2,0,0,False,False
1.0,,,,,1.0,2,11.0,22,14.6,1,1.0,1,8.4,1,1.0,1,8.4,0,0,True,True
,,,-1.0,,-1.0,2,13.0,26,6.8,1,1.0,1,-3.5,1,1.0,1,8.4,0,0,False,False
1.0,,,,,1.0,2,16.0,32,4.8,1,1.0,1,8.4,1,1.0,1,8.4,0,0,True,True
1.0,,,,,1.0,2,7.0,14,10.7,1,1.0,1,8.4,1,1.0,1,8.4,0,0,True,True
1.0,,,,,1.0,1,29.0,29,13.4,1,1.0,1,8.4,1,1.0,1,20.2,0,0,False,False
,,1.0,,,1.0,1,33.0,33,17.8,1,1.0,1,-3.5,1,1.0,1,-3.5,0,0,True,True
,,,-1.0,,-1.0,1,18.0,18,8.7,1,1.0,1,-3.5,1,1.0,1,-3.5,0,0,True,True
,,,0.0,,0.0,2,14.0,28,14.6,1,1.0,1,8.4,1,1.0,1,20.2,0,0,False,False
,,,-1.0,,-1.0,1,14.0,14,7.2,2,22.5,45,12.9,1,1.0,1,8.4,1,44,False,False
,,,-1.0,,-1.0,1,29.0,29,12.3,1,1.0,1,8.4,1,1.0,1,8.4,0,0,False,False
,,,,-1.0,-1.0,2,6.0,12,6.4,1,1.0,1,8.4,1,1.0,1,8.4,0,0,False,False
,,,0.0,,0.0,3,28.333333333333332,85,14.1,1,1.0,1,8.4,1,1.0,1,8.4,0,0,True,True
,,1.0,,,1.0,1,17.0,17,11.9,1,1.0,1,-3.5,1,1.0,1,20.2,0,0,False,False
,,,-1.0,,-1.0,2,39.0,78,11.8,1,1.0,1,8.4,1,1.0,1,8.4,0,0,False,False
,,1.0,,,1.0,2,39.0,78,15.2,1,1.0,1,-3.5,1,1.0,1,8.4,0,0,False,False
1.0,,,,,1.0,1,57.0,57,24.0,1,1.0,1,8.4,1,1.0,1,20.2,0,0,False,False
1.0,,,,,1.0,1,26.0,26,14.6,1,1.0,1,8.4,1,1.0,1,20.2,0,0,False,False
1.0,,,,,1.0,1,35.0,35,18.9,1,1.0,1,8.4,1,1.0,1,20.2,0,0,False,False
1.0,,,,,1.0,1,39.0,39,17.7,1,1.0,1,8.4,1,1.0,1,20.2,0,0,False,False
,,1.0,,,1.0,1,31.0,31,6.8,1,1.0,1,-3.5,1,1.0,1,-3.5,0,0,True,True
,,1.0,,,1.0,1,47.0,47,11.3,1,1.0,1,-3.5,1,1.0,1,8.4,0,0,False,False
,,1.0,,,1.0,1,30.0,30,18.6,1,1.0,1,-3.5,1,1.0,1,8.4,0,0,False,False
,1.0,,,,1.0,1,22.0,22,15.0,1,1.0,1,8.4,1,1.0,1,20.2,0,0,False,False
,,1.0,,,1.0,1,42.0,42,21.7,1,1.0,1,-3.5,1,1.0,1,8.4,0,0,False,False
,-1.0,,,,-1.0,2,22.0,44,18.5,1,1.0,1,8.4,1,1.0,1,-3.5,0,0,False,False
1.0,,,,,1.0,1,18.0,18,9.5,1,1.0,1,8.4,1,1.0,1,20.2,0,0,False,False
1.0,,,,,1.0,1,39.0,39,18.5,1,1.0,1,8.4,1,1.0,1,8.4,0,0,True,True
,-1.0,,,,-1.0,1,30.0,30,17.4,1,1.0,1,8.4,1,1.0,1,8.4,0,0,True,True
,,1.0,,,1.0,1,33.0,33,14.6,1,1.0,1,-3.5,1,1.0,1,20.2,0,0,False,False
,,,1.0,,1.0,1,25.0,25,13.8,1,1.0,1,20.2,1,1.0,1,8.4,0,0,False,False
,,,,,,2,1.5,3,2.9,1,1.0,1,8.4,1,1.0,1,8.4,0,0,True,True
1.0,,,,,1.0,2,33.0,66,23.7,1,1.0,1,8.4,1,1.0,1,8.4,0,0,True,True
,-1.0,,,,-1.0,1,19.0,19,12.7,1,1.0,1,8.4,1,1.0,1,8.4,0,0,False,False
1.0,,,,,1.0,2,17.0,34,20.5,1,1.0,1,8.4,1,1.0,1,8.4,0,0,True,True
,,,0.0,,0.0,1,33.0,33,10.7,1,1.0,1,8.4,1,1.0,1,8.4,0,0,True,True
1.0,,,,,1.0,4,13.5,54,8.5,1,1.0,1,8.4,1,1.0,1,8.4,0,0,False,False
,,1.0,,,1.0,1,25.0,25,13.1,1,1.0,1,-3.5,1,1.0,1,-3.5,0,0,True,True
1.0,,,,,1.0,1,31.0,31,17.0,1,1.0,1,8.4,1,1.0,1,-3.5,0,0,False,False
,,,-1.0,,-1.0,1,45.0,45,27.1,1,1.0,1,8.4,1,1.0,1,20.2,0,0,False,False
1.0,,,,,1.0,1,36.0,36,18.9,1,1.0,1,8.4,1,1.0,1,8.4,0,0,True,True
,-1.0,,,,-1.0,1,28.0,28,20.1,1,1.0,1,8.4,1,1.0,1,20.2,0,0,False,False
1.0,,,,,1.0,1,14.0,14,7.2,1,1.0,1,8.4,1,1.0,1,20.2,0,0,False,False
1.0,,,,,1.0,1,19.0,19,12.7,1,1.0,1,8.4,1,1.0,1,8.4,0,0,True,True
,,-1.0,,,-1.0,1,29.0,29,16.6,1,1.0,1,8.4,1,1.0,1,8.4,0,0,True,True
,-1.0,,,,-1.0,1,27.0,27,10.7,1,1.0,1,8.4,1,1.0,1,20.2,0,0,False,False
,-1.0,,,,-1.0,1,30.0,30,22.1,1,1.0,1,-3.5,1,1.0,1,-3.5,0,0,True,True
,,-1.0,,,-1.0,1,47.0,47,19.7,1,1.0,1,8.4,1,1.0,1,8.4,0,0,True,True
1.0,,,,,1.0,1,9.0,9,4.1,1,1.0,1,8.4,1,1.0,1,20.2,0,0,False,False
,,,0.0,,0.0,1,22.0,22,11.9,1,1.0,1,8.4,1,1.0,1,8.4,0,0,True,True
1.0,,,,,1.0,1,37.0,37,16.6,1,1.0,1,8.4,1,1.0,1,-3.5,0,0,False,False
1.0,,,,,1.0,2,10.5,21,13.5,1,1.0,1,8.4,1,1.0,1,8.4,0,0,True,True
1.0,,,,,1.0,1,21.0,21,21.3,1,1.0,1,8.4,1,1.0,1,20.2,0,0,False,False
,,-1.0,,,-1.0,1,40.0,40,16.6,1,1.0,1,8.4,1,1.0,1,8.4,0,0,True,True
1.0,,,,,1.0,1,15.0,15,6.4,1,1.0,1,8.4,1,1.0,1,20.2,0,0,False,False
1.0,,,,,1.0,1,38.0,38,17.3,1,1.0,1,8.4,1,1.0,1,8.4,0,0,True,True
,1.0,,,,1.0,1,20.0,20,10.7,1,1.0,1,8.4,1,1.0,1,20.2,0,0,False,False
,,1.0,,,1.0,1,26.0,26,17.8,1,1.0,1,-3.5,1,1.0,1,8.4,0,0,False,False
,,1.0,,,1.0,1,33.0,33,15.8,1,1.0,1,-3.5,1,1.0,1,20.2,0,0,False,False
,,1.0,,,1.0,1,27.0,27,13.8,1,1.0,1,-3.5,1,1.0,1,8.4,0,0,False,False
,-1.0,,,,-1.0,2,15.5,31,18.5,1,1.0,1,8.4,1,1.0,1,8.4,0,0,True,True
,,,-1.0,,-1.0,2,4.5,9,2.5,1,1.0,1,-3.5,1,1.0,1,8.4,0,0,False,False
,,1.0,,,1.0,1,44.0,44,17.0,1,1.0,1,-3.5,1,1.0,1,20.2,0,0,False,False
,,1.0,,,1.0,1,53.0,53,22.8,1,1.0,1,-3.5,1,1.0,1,20.2,0,0,False,False
1.0,,,,,1.0,1,34.0,34,13.4,1,1.0,1,8.4,1,1.0,1,-3.5,0,0,False,False
,,,-1.0,,-1.0,2,19.0,38,9.9,1,1.0,1,8.4,1,1.0,1,20.2,0,0,False,False
,,,1.0,,1.0,1,40.0,40,10.3,1,1.0,1,20.2,1,1.0,1,8.4,0,0,False,False
,,,1.0,,1.0,1,17.0,17,7.2,1,1.0,1,20.2,1,1.0,1,8.4,0,0,False,False
,,1.0,,,1.0,1,69.0,69,29.1,1,1.0,1,-3.5,1,1.0,1,20.2,0,0,False,False
,,,0.0,,0.0,2,14.0,28,9.5,1,1.0,1,8.4,1,1.0,1,8.4,0,0,True,True
1.0,,,,,1.0,1,32.0,32,20.5,1,1.0,1,8.4,1,1.0,1,20.2,0,0,False,False
,,1.0,,,1.0,1,30.0,30,22.5,1,1.0,1,-3.5,1,1.0,1,20.2,0,0,False,False
,,,-1.0,,-1.0,1,20.0,20,6.4,1,1.0,1,-3.5,1,1.0,1,-3.5,0,0,True,True
,,1.0,,,1.0,1,28.0,28,19.7,1,1.0,1,-3.5,1,1.0,1,20.2,0,0,False,False
,,,-1.0,,-1.0,1,19.0,19,14.6,1,1.0,1,8.4,1,1.0,1,8.4,0,0,True,True
,1.0,,,,1.0,1,21.0,21,13.5,1,1.0,1,8.4,1,1.0,1,8.4,0,0,False,False
,,,-1.0,,-1.0,1,25.0,25,15.0,1,1.0,1,8.4,1,1.0,1,8.4,0,0,False,False
,,-1.0,,,-1.0,1,31.0,31,12.6,1,1.0,1,8.4,1,1.0,1,20.2,0,0,False,False
,-1.0,,,,-1.0,1,30.0,30,11.8,1,1.0,1,8.4,1,1.0,1,20.2,0,0,False,False
,,,0.0,,0.0,1,17.0,17,8.8,1,1.0,1,8.4,1,1.0,1,20.2,0,0,False,False
,,,-1.0,,-1.0,1,30.0,30,12.7,1,1.0,1,-3.5,1,1.0,1,-3.5,0,0,True,True
1.0,,,,,1.0,1,54.0,54,18.1,1,1.0,1,8.4,1,1.0,1,20.2,0,0,False,False
,,-1.0,,,-1.0,2,10.5,21,8.4,1,1.0,1,8.4,1,1.0,1,20.2,0,0,False,False
,,1.0,,,1.0,2,23.5,47,9.1,1,1.0,1,-3.5,1,1.0,1,-3.5,0,0,True,True
,,1.0,,,1.0,1,39.0,39,15.8,1,1.0,1,-3.5,1,1.0,1,-3.5,0,0,True,True
,,,1.0,,1.0,1,23.0,23,10.7,1,1.0,1,20.2,1,1.0,1,20.2,0,0,True,True
,,,0.0,,0.0,1,34.0,34,17.3,1,1.0,1,8.4,1,1.0,1,20.2,0,0,False,False
,-1.0,,,,-1.0,1,18.0,18,13.1,1,1.0,1,8.4,1,1.0,1,20.2,0,0,False,False
,,-1.0,,,-1.0,1,29.0,29,10.3,1,1.0,1,8.4,1,1.0,1,-3.5,0,0,False,False
,,1.0,,,1.0,1,28.0,28,15.8,1,1.0,1,-3.5,1,1.0,1,20.2,0,0,False,False
,,1.0,,,1.0,1,27.0,27,10.7,1,1.0,1,-3.5,1,1.0,1,20.2,0,0,False,False
,,,0.0,,0.0,1,13.0,13,6.8,1,1.0,1,8.4,1,1.0,1,20.2,0,0,False,False
,,1.0,,,1.0,2,32.0,64,26.7,1,1.0,1,-3.5,1,1.0,1,8.4,0,0,False,False
,,1.0,,,1.0,1,14.0,14,7.2,1,1.0,1,-3.5,1,1.0,1,-3.5,0,0,True,True
,,1.0,,,1.0,1,25.0,25,11.1,1,1.0,1,-3.5,1,1.0,1,20.2,0,0,False,False
,-1.0,,,,-1.0,1,24.0,24,11.9,1,1.0,1,8.4,1,1.0,1,8.4,0,0,True,True
,,1.0,,,1.0,1,49.0,49,15.8,1,1.0,1,-3.5,1,1.0,1,-3.5,0,0,True,True
,0.0,,,,0.0,1,38.0,38,21.3,1,1.0,1,20.2,1,1.0,1,20.2,0,0,False,False
,,,-1.0,,-1.0,1,21.0,21,10.7,1,1.0,1,-3.5,1,1.0,1,8.4,0,0,False,False
,,,-1.0,,-1.0,2,7.5,15,9.9,1,1.0,1,-3.5,1,1.0,1,20.2,0,0,False,False
1.0,,,,,1.0,1,24.0,24,16.2,1,1.0,1,8.4,1,1.0,1,20.2,0,0,False,False
,,1.0,,,1.0,1,13.0,13,9.9,1,1.0,1,-3.5,1,1.0,1,20.2,0,0,False,False
,,1.0,,,1.0,2,17.0,34,19.7,1,1.0,1,-3.5,1,1.0,1,-3.5,0,0,True,True
1.0,,,,,1.0,1,25.0,25,13.8,1,1.0,1,8.4,1,1.0,1,20.2,0,0,False,False
1.0,,,,,1.0,1,32.0,32,17.8,1,1.0,1,8.4,1,1.0,1,20.2,0,0,False,False
,-1.0,,,,-1.0,1,25.0,25,17.0,1,1.0,1,-3.5,1,1.0,1,20.2,0,0,False,False
1.0,,,,,1.0,1,28.0,28,14.6,1,1.0,1,8.4,1,1.0,1,20.2,0,0,False,False
,-1.0,,,,-1.0,2,14.5,29,14.6,1,1.0,1,8.4,1,1.0,1,20.2,0,0,False,False
,,1.0,,,1.0,1,49.0,49,14.2,1,1.0,1,-3.5,1,1.0,1,-3.5,0,0,True,True
1.0,,,,,1.0,2,6.0,12,12.3,1,1.0,1,8.4,1,1.0,1,8.4,0,0,True,True
1.0,,,,,1.0,1,69.0,69,22.8,1,1.0,1,8.4,1,1.0,1,20.2,0,0,False,False
,,-1.0,,,-1.0,3,13.0,39,10.5,1,1.0,1,8.4,1,1.0,1,8.4,0,0,True,True
,-1.0,,,,-1.0,1,11.0,11,4.8,1,1.0,1,20.2,1,1.0,1,20.2,0,0,True,True
,,-1.0,,,-1.0,1,28.0,28,10.7,1,1.0,1,8.4,1,1.0,1,8.4,0,0,False,False
,,-1.0,,,-1.0,1,25.0,25,17.4,1,1.0,1,8.4,1,1.0,1,20.2,0,0,False,False
,,1.0,,,1.0,1,31.0,31,8.3,1,1.0,1,-3.5,1,1.0,1,-3.5,0,0,True,True
,,1.0,,,1.0,1,55.0,55,3.9,1,1.0,1,-3.5,1,1.0,1,-3.5,0,0,True,True
,,1.0,,,1.0,1,39.0,39,22.8,1,1.0,1,-3.5,1,1.0,1,20.2,0,0,False,False
,,1.0,,,1.0,1,17.0,17,15.4,1,1.0,1,-3.5,1,1.0,1,-3.5,0,0,True,True
1.0,,,,,1.0,1,27.0,27,11.1,1,1.0,1,8.4,1,1.0,1,20.2,0,0,False,False
,,1.0,,,1.0,2,7.0,14,7.2,1,1.0,1,-3.5,1,1.0,1,-3.5,0,0,True,True
,,,-1.0,,-1.0,1,33.0,33,22.1,1,1.0,1,8.4,1,1.0,1,8.4,0,0,False,False
,,1.0,,,1.0,1,28.0,28,11.5,1,1.0,1,-3.5,1,1.0,1,-3.5,0,0,True,True
,,1.0,,,1.0,1,27.0,27,14.2,1,1.0,1,-3.5,1,1.0,1,20.2,0,0,False,False
,,,-1.0,,-1.0,1,23.0,23,9.9,1,1.0,1,-3.5,1,1.0,1,8.4,0,0,False,False
,0.0,,,,0.0,1,15.0,15,9.9,1,1.0,1,20.2,1,1.0,1,20.2,0,0,True,True
1.0,,,,,1.0,1,24.0,24,16.2,1,1.0,1,8.4,1,1.0,1,20.2,0,0,False,False
,,1.0,,,1.0,1,18.0,18,11.9,1,1.0,1,-3.5,1,1.0,1,20.2,0,0,False,False
,,,-1.0,,-1.0,1,52.0,52,22.0,1,1.0,1,8.4,1,1.0,1,20.2,0,0,False,False
,,1.0,,,1.0,1,30.0,30,16.6,1,1.0,1,-3.5,1,1.0,1,-3.5,0,0,True,True
1.0,,,,,1.0,1,28.0,28,14.6,1,1.0,1,8.4,1,1.0,1,8.4,0,0,True,True
,,,0.0,,0.0,1,21.0,21,10.3,1,1.0,1,8.4,1,1.0,1,8.4,0,0,True,True
1.0,,,,,1.0,1,22.0,22,15.0,1,1.0,1,8.4,1,1.0,1,20.2,0,0,False,False
,,,0.0,,0.0,1,40.0,40,18.5,1,1.0,1,8.4,1,1.0,1,-3.5,0,0,False,False
1.0,,,,,1.0,2,15.5,31,6.4,1,1.0,1,8.4,1,1.0,1,-3.5,0,0,False,False
1.0,,,,,1.0,1,70.0,70,13.6,1,1.0,1,8.4,1,1.0,1,-3.5,0,0,False,False
,,,1.0,,1.0,1,24.0,24,20.5,1,1.0,1,20.2,1,1.0,1,20.2,0,0,False,False
1.0,,,,,1.0,1,22.0,22,12.3,1,1.0,1,8.4,1,1.0,1,8.4,0,0,False,False
1.0,,,,,1.0,1,24.0,24,15.4,1,1.0,1,8.4,1,1.0,1,-3.5,0,0,False,False
,-1.0,,,,-1.0,1,21.0,21,9.9,1,1.0,1,8.4,1,1.0,1,20.2,0,0,False,False
1.0,,,,,1.0,2,18.5,37,22.1,1,1.0,1,8.4,1,1.0,1,8.4,0,0,True,True
,-1.0,,,,-1.0,2,11.5,23,22.1,1,1.0,1,8.4,1,1.0,1,20.2,0,0,False,False
,,,0.0,,0.0,1,35.0,35,16.2,1,1.0,1,8.4,1,1.0,1,20.2,0,0,False,False
1.0,,,,,1.0,1,19.0,19,8.7,1,1.0,1,8.4,1,1.0,1,8.4,0,0,True,True
,,1.0,,,1.0,1,33.0,33,14.2,1,1.0,1,-3.5,1,1.0,1,20.2,0,0,False,False
,0.0,,,,0.0,1,39.0,39,22.1,1,1.0,1,20.2,1,1.0,1,20.2,0,0,True,True
,,1.0,,,1.0,1,27.0,27,15.4,1,1.0,1,-3.5,1,1.0,1,-3.5,0,0,True,True
,,-1.0,,,-1.0,1,26.0,26,15.4,1,1.0,1,8.4,1,1.0,1,20.2,0,0,False,False
1.0,,,,,1.0,1,37.0,37,11.9,1,1.0,1,8.4,1,1.0,1,8.4,0,0,True,True
1.0,,,,,1.0,2,20.5,41,19.7,1,1.0,1,8.4,1,1.0,1,20.2,0,0,False,False
,,1.0,,,1.0,1,15.0,15,9.5,1,1.0,1,-3.5,1,1.0,1,8.4,0,0,False,False
,-1.0,,,,-1.0,1,21.0,21,14.6,1,1.0,1,8.4,1,1.0,1,20.2,0,0,False,False
,,,-1.0,,-1.0,1,12.0,12,6.0,1,1.0,1,8.4,1,1.0,1,20.2,0,0,False,False
,,,1.0,,1.0,1,21.0,21,10.7,1,1.0,1,20.2,1,1.0,1,-3.5,0,0,False,False
,,1.0,,,1.0,1,23.0,23,7.2,1,1.0,1,-3.5,1,1.0,1,20.2,0,0,False,False
,,1.0,,,1.0,1,40.0,40,10.9,1,1.0,1,-3.5,1,1.0,1,-3.5,0,0,True,True
,,,0.0,,0.0,1,52.0,52,20.8,1,1.0,1,8.4,1,1.0,1,8.4,0,0,True,True
,,1.0,,,1.0,1,41.0,41,11.5,1,1.0,1,-3.5,1,1.0,1,20.2,0,0,False,False
,,,-1.0,,-1.0,1,22.0,22,10.3,1,1.0,1,8.4,1,1.0,1,8.4,0,0,False,False
,,,-1.0,,-1.0,1,49.0,49,16.1,2,16.5,33,11.7,1,1.0,1,-3.5,1,32,False,False
,,-1.0,,,-1.0,2,13.5,27,13.8,1,1.0,1,8.4,1,1.0,1,-3.5,0,0,False,False
,1.0,,,,1.0,1,10.0,10,6.4,1,1.0,1,8.4,1,1.0,1,8.4,0,0,True,True
1.0,,,,,1.0,3,7.0,21,3.7,1,1.0,1,8.4,1,1.0,1,8.4,0,0,True,True
,,,-1.0,,-1.0,1,28.0,28,17.0,1,1.0,1,8.4,1,1.0,1,20.2,0,0,False,False
,-1.0,,,,-1.0,1,22.0,22,10.3,1,1.0,1,8.4,1,1.0,1,20.2,0,0,False,False
,,,-1.0,,-1.0,1,26.0,26,15.0,1,1.0,1,8.4,1,1.0,1,8.4,0,0,True,True
,,,-1.0,,-1.0,1,17.0,17,7.2,1,1.0,1,-3.5,1,1.0,1,8.4,0,0,False,False
,,1.0,,,1.0,1,31.0,31,20.1,1,1.0,1,-3.5,1,1.0,1,20.2,0,0,False,False
,,,-1.0,,-1.0,1,13.0,13,17.0,1,1.0,1,8.4,1,1.0,1,8.4,0,0,False,False
,,,1.0,,1.0,1,9.0,9,5.2,1,1.0,1,20.2,1,1.0,1,20.2,0,0,False,False
,,,1.0,,1.0,1,40.0,40,18.1,1,1.0,1,20.2,1,1.0,1,20.2,0,0,False,False
,,,-1.0,,-1.0,1,22.0,22,12.7,1,1.0,1,8.4,1,1.0,1,-3.5,0,0,False,False
,,1.0,,,1.0,1,18.0,18,9.1,1,1.0,1,-3.5,1,1.0,1,-3.5,0,0,True,True
,,,-1.0,,-1.0,1,24.0,24,13.4,1,1.0,1,-3.5,1,1.0,1,-3.5,0,0,True,True
,,,0.0,,0.0,1,13.0,13,6.8,1,1.0,1,8.4,1,1.0,1,8.4,0,0,True,True
,,,0.0,,0.0,1,25.0,25,11.9,1,1.0,1,8.4,1,1.0,1,20.2,0,0,False,False
1.0,,,,,1.0,2,20.0,40,21.3,1,1.0,1,8.4,1,1.0,1,8.4,0,0,True,True
,-1.0,,,,-1.0,1,20.0,20,8.0,1,1.0,1,8.4,1,1.0,1,20.2,0,0,False,False
,,,,,,1,24.0,24,11.1,1,1.0,1,8.4,1,1.0,1,8.4,0,0,True,True
,,1.0,,,1.0,1,35.0,35,15.8,1,1.0,1,-3.5,1,1.0,1,8.4,0,0,False,False
,,1.0,,,1.0,1,40.0,40,20.5,1,1.0,1,-3.5,1,1.0,1,-3.5,0,0,True,True
1.0,,,,,1.0,2,16.0,32,19.7,1,1.0,1,8.4,1,1.0,1,20.2,0,0,False,False
,,,-1.0,,-1.0,1,25.0,25,9.9,1,1.0,1,-3.5,1,1.0,1,8.4,0,0,False,False
1.0,,,,,1.0,2,11.5,23,13.8,1,1.0,1,8.4,1,1.0,1,8.4,0,0,True,True
,,1.0,,,1.0,1,27.0,27,13.4,1,1.0,1,-3.5,1,1.0,1,-3.5,0,0,True,True
1.0,,,,,1.0,1,44.0,44,20.8,1,1.0,1,8.4,1,1.0,1,8.4,0,0,True,True
1.0,,,,,1.0,1,58.0,58,12.6,1,1.0,1,8.4,1,1.0,1,8.4,0,0,False,False
,,,0.0,,0.0,2,30.0,60,3.7,1,1.0,1,8.4,1,1.0,1,8.4,0,0,True,True
,,-1.0,,,-1.0,1,13.0,13,8.8,1,1.0,1,20.2,1,1.0,1,20.2,0,0,True,True
,,,1.0,,1.0,1,23.0,23,10.3,1,1.0,1,20.2,1,1.0,1,8.4,0,0,False,False
1.0,,,,,1.0,1,50.0,50,25.2,1,1.0,1,8.4,1,1.0,1,8.4,0,0,True,True
1.0,,,,,1.0,1,44.0,44,22.8,1,1.0,1,8.4,1,1.0,1,8.4,0,0,True,True
,,1.0,,,1.0,1,20.0,20,13.9,1,1.0,1,-3.5,1,1.0,1,20.2,0,0,False,False
,,,0.0,,0.0,1,30.0,30,11.5,1,1.0,1,8.4,1,1.0,1,8.4,0,0,True,True
,-1.0,,,,-1.0,2,29.0,58,9.9,1,1.0,1,8.4,1,1.0,1,20.2,0,0,False,False
,-1.0,,,,-1.0,1,46.0,46,23.6,1,1.0,1,8.4,1,1.0,1,20.2,0,0,False,False
,,-1.0,,,-1.0,1,22.0,22,17.0,1,1.0,1,8.4,1,1.0,1,8.4,0,0,True,True
,,,-1.0,,-1.0,1,37.0,37,13.0,1,1.0,1,8.4,1,1.0,1,8.4,0,0,False,False
1.0,,,,,1.0,1,12.0,12,17.0,1,1.0,1,8.4,1,1.0,1,8.4,0,0,True,True
,,,-1.0,,-1.0,2,28.5,57,22.0,1,1.0,1,-3.5,1,1.0,1,8.4,0,0,False,False
,-1.0,,,,-1.0,2,4.5,9,4.9,1,1.0,1,8.4,1,1.0,1,8.4,0,0,True,True
,-1.0,,,,-1.0,1,19.0,19,11.5,1,1.0,1,8.4,1,1.0,1,20.2,0,0,False,False
,-1.0,,,,-1.0,1,35.0,35,14.2,1,11.0,11,10.7,1,1.0,1,-3.5,0,10,False,False
1.0,,,,,1.0,1,40.0,40,20.1,1,1.0,1,8.4,1,1.0,1,8.4,0,0,False,False
,,,,,,1,12.0,12,4.0,1,1.0,1,8.4,1,1.0,1,8.4,0,0,True,True
,-1.0,,,,-1.0,1,12.0,12,6.4,1,1.0,1,8.4,1,1.0,1,8.4,0,0,False,False
,,,0.0,,0.0,1,23.0,23,11.5,1,1.0,1,8.4,1,1.0,1,8.4,0,0,True,True
,,,1.0,,1.0,1,20.0,20,2.1,1,1.0,1,20.2,1,1.0,1,8.4,0,0,False,False
1.0,,,,,1.0,2,13.0,26,12.7,1,1.0,1,8.4,1,1.0,1,8.4,0,0,True,True
,,-1.0,,,-1.0,1,68.0,68,27.5,1,1.0,1,8.4,1,1.0,1,-3.5,0,0,False,False
,,1.0,,,1.0,1,58.0,58,24.4,1,1.0,1,-3.5,1,1.0,1,20.2,0,0,False,False
,,,-1.0,,-1.0,1,22.0,22,11.9,1,1.0,1,8.4,1,1.0,1,20.2,0,0,False,False
,,1.0,,,1.0,1,23.0,23,12.3,1,1.0,1,-3.5,1,1.0,1,20.2,0,0,False,False
,,,-1.0,,-1.0,1,15.0,15,10.7,1,1.0,1,8.4,1,1.0,1,8.4,0,0,True,True
1.0,,,,,1.0,2,16.0,32,19.3,1,1.0,1,8.4,1,1.0,1,-3.5,0,0,False,False
,,1.0,,,1.0,3,11.333333333333334,34,5.9,1,1.0,1,-3.5,1,1.0,1,20.2,0,0,False,False
,,,1.0,,1.0,1,26.0,26,17.0,1,1.0,1,20.2,1,1.0,1,20.2,0,0,False,False
,,,-1.0,,-1.0,1,43.0,43,18.1,1,1.0,1,8.4,1,1.0,1,8.4,0,0,False,False
,,,-1.0,,-1.0,1,30.0,30,5.3,1,1.0,1,-3.5,1,1.0,1,8.4,0,0,False,False
1.0,,,,,1.0,1,18.0,18,17.0,1,1.0,1,8.4,1,1.0,1,20.2,0,0,False,False
,-1.0,,,,-1.0,1,25.0,25,12.7,1,1.0,1,-3.5,1,1.0,1,20.2,0,0,False,False
,,,-1.0,,-1.0,1,28.0,28,14.6,1,1.0,1,8.4,1,1.0,1,8.4,0,0,False,False
,,,-1.0,,-1.0,1,44.0,44,18.1,1,1.0,1,8.4,1,1.0,1,8.4,0,0,False,False
,,,1.0,,1.0,1,40.0,40,20.1,1,1.0,1,20.2,1,1.0,1,20.2,0,0,False,False
,-1.0,,,,-1.0,1,15.0,15,7.6,1,1.0,1,-3.5,1,1.0,1,20.2,0,0,False,False
,,,,,0.0,1,5.0,5,7.2,2,14.0,28,6.8,1,1.0,1,20.2,1,27,False,False
,-1.0,,,,-1.0,1,26.0,26,17.0,1,1.0,1,8.4,1,1.0,1,8.4,0,0,True,True
,-1.0,,,,-1.0,1,22.0,22,16.2,1,1.0,1,8.4,1,1.0,1,8.4,0,0,True,True
,,,-1.0,,-1.0,3,6.0,18,9.8,1,1.0,1,8.4,1,1.0,1,20.2,0,0,False,False
,-1.0,,,,-1.0,2,5.0,10,9.2,1,1.0,1,8.4,1,1.0,1,8.4,0,0,True,True
1.0,,,,,1.0,1,48.0,48,24.8,1,1.0,1,8.4,1,1.0,1,20.2,0,0,False,False
1.0,,,,,1.0,1,37.0,37,14.6,1,1.0,1,8.4,1,1.0,1,-3.5,0,0,False,False
,-1.0,,,,-1.0,2,23.5,47,23.2,1,1.0,1,8.4,1,1.0,1,20.2,0,0,False,False
,,,0.0,,0.0,1,26.0,26,12.3,1,1.0,1,8.4,1,1.0,1,8.4,0,0,True,True
1.0,,,,,1.0,2,18.5,37,8.4,1,1.0,1,8.4,1,1.0,1,8.4,0,0,True,True
,,,-1.0,,-1.0,4,9.0,36,3.5,1,1.0,1,-3.5,1,1.0,1,-3.5,0,0,True,True
,,1.0,,,1.0,2,11.5,23,14.2,1,1.0,1,-3.5,1,1.0,1,-3.5,0,0,True,True
1.0,,,,,1.0,2,28.5,57,13.6,1,1.0,1,8.4,1,1.0,1,20.2,0,0,False,False
,,,-1.0,,-1.0,1,33.0,33,8.2,1,1.0,1,-3.5,1,1.0,1,8.4,0,0,False,False
,,-1.0,,,-1.0,2,28.5,57,27.1,1,1.0,1,8.4,1,1.0,1,8.4,0,0,True,True
-1.0,,,,,-1.0,1,31.0,31,17.0,1,1.0,1,-3.5,1,1.0,1,20.2,0,0,False,False
,,1.0,,,1.0,1,37.0,37,18.1,1,1.0,1,-3.5,1,1.0,1,8.4,0,0,False,False
,,1.0,,,1.0,1,43.0,43,14.6,1,1.0,1,-3.5,1,1.0,1,-3.5,0,0,True,True
,,,1.0,,1.0,1,25.0,25,13.1,1,1.0,1,20.2,1,1.0,1,8.4,0,0,False,False
,,,-1.0,,-1.0,1,35.0,35,15.0,1,1.0,1,8.4,1,1.0,1,8.4,0,0,True,True
,,1.0,,,1.0,1,39.0,39,9.7,1,1.0,1,-3.5,1,1.0,1,-3.5,0,0,True,True
,,,-1.0,,-1.0,1,14.0,14,10.3,1,1.0,1,8.4,1,1.0,1,8.4,0,0,True,True
,,1.0,,,1.0,1,30.0,30,15.0,1,1.0,1,-3.5,1,1.0,1,-3.5,0,0,True,True
,,,0.0,,0.0,1,48.0,48,1.5,1,1.0,1,8.4,1,1.0,1,8.4,0,0,True,True
,,-1.0,,,-1.0,2,15.0,30,17.4,1,1.0,1,8.4,1,1.0,1,8.4,0,0,True,True
,-1.0,,,,-1.0,1,21.0,21,11.5,1,1.0,1,8.4,1,1.0,1,20.2,0,0,False,False
,,1.0,,,1.0,2,15.5,31,13.4,1,1.0,1,-3.5,1,1.0,1,-3.5,0,0,True,True
,,,1.0,,1.0,2,9.0,18,12.3,1,1.0,1,20.2,1,1.0,1,8.4,0,0,False,False
,-1.0,,,,-1.0,2,12.5,25,18.2,1,1.0,1,8.4,1,1.0,1,20.2,0,0,False,False
1.0,,,,,1.0,2,18.0,36,15.4,1,1.0,1,8.4,1,1.0,1,-3.5,0,0,False,False
,,1.0,,,1.0,1,35.0,35,13.0,1,1.0,1,-3.5,1,1.0,1,8.4,0,0,False,False
1.0,,,,,1.0,1,28.0,28,13.8,1,1.0,1,8.4,1,1.0,1,20.2,0,0,False,False
,,1.0,,,1.0,1,18.0,18,8.0,1,1.0,1,-3.5,1,1.0,1,-3.5,0,0,True,True
,1.0,,,,1.0,1,30.0,30,17.0,1,1.0,1,8.4,1,1.0,1,20.2,0,0,False,False
,,1.0,,,1.0,1,22.0,22,9.1,1,1.0,1,-3.5,1,1.0,1,-3.5,0,0,True,True
,,-1.0,,,-1.0,1,29.0,29,8.7,1,1.0,1,8.4,1,1.0,1,-3.5,0,0,False,False
,,,-1.0,,-1.0,1,27.0,27,12.5,1,1.0,1,8.4,1,1.0,1,8.4,0,0,True,True
1.0,,,,,1.0,1,31.0,31,15.0,1,1.0,1,8.4,1,1.0,1,8.4,0,0,True,True
,,,-1.0,,-1.0,2,10.5,21,13.5,1,1.0,1,8.4,1,1.0,1,8.4,0,0,False,False
,-1.0,,,,-1.0,2,20.5,41,12.9,1,1.0,1,8.4,1,1.0,1,8.4,0,0,True,True
,,-1.0,,,-1.0,1,28.0,28,15.0,1,1.0,1,8.4,1,1.0,1,20.2,0,0,False,False
,,,,,,2,9.5,19,7.2,1,1.0,1,8.4,1,1.0,1,-3.5,0,0,False,False
,,1.0,,,1.0,1,26.0,26,16.6,1,1.0,1,-3.5,1,1.0,1,8.4,0,0,False,False
,,1.0,,,1.0,1,18.0,18,5.6,1,1.0,1,-3.5,1,1.0,1,-3.5,0,0,True,True
,,,1.0,,1.0,2,15.5,31,17.4,1,1.0,1,20.2,1,1.0,1,20.2,0,0,True,True
,-1.0,,,,-1.0,1,26.0,26,14.6,1,1.0,1,8.4,1,1.0,1,20.2,0,0,False,False
1.0,,,,,1.0,2,3.5,7,8.0,1,1.0,1,8.4,1,1.0,1,-3.5,0,0,False,False
,-1.0,,,,-1.0,1,35.0,35,20.5,1,1.0,1,8.4,1,1.0,1,8.4,0,0,True,True
,,,1.0,,1.0,1,24.0,24,15.8,1,1.0,1,20.2,1,1.0,1,8.4,0,0,False,False
,,,-1.0,,-1.0,1,29.0,29,7.2,1,1.0,1,8.4,1,1.0,1,-3.5,0,0,False,False
1.0,,,,,1.0,1,30.0,30,12.6,1,1.0,1,8.4,1,1.0,1,8.4,0,0,True,True
,,,-1.0,,-1.0,1,21.0,21,10.7,1,1.0,1,-3.5,1,1.0,1,8.4,0,0,False,False
,,,-1.0,,-1.0,1,19.0,19,10.3,1,1.0,1,8.4,1,1.0,1,8.4,0,0,True,True
,,1.0,,,1.0,2,11.0,22,5.4,1,1.0,1,-3.5,1,1.0,1,-3.5,0,0,True,True
,,1.0,,,1.0,1,26.0,26,16.6,1,1.0,1,-3.5,1,1.0,1,-3.5,0,0,True,True
,,1.0,,,1.0,1,19.0,19,11.5,1,1.0,1,-3.5,1,1.0,1,-3.5,0,0,True,True
,,1.0,,,1.0,1,34.0,34,15.8,1,1.0,1,-3.5,1,1.0,1,-3.5,0,0,True,True
,-1.0,,,,-1.0,1,6.0,6,17.0,1,1.0,1,8.4,1,1.0,1,-3.5,0,0,False,False
1.0,,,,,1.0,1,30.0,30,17.8,1,1.0,1,8.4,1,1.0,1,20.2,0,0,False,False
,,-1.0,,,-1.0,1,54.0,54,22.4,1,1.0,1,8.4,1,1.0,1,-3.5,0,0,False,False
,,,-1.0,,-1.0,1,35.0,35,15.8,1,1.0,1,-3.5,1,1.0,1,20.2,0,0,False,False
,,,-1.0,,-1.0,1,15.0,15,14.7,1,1.0,1,-3.5,1,1.0,1,20.2,0,0,False,False
1.0,,,,,1.0,1,34.0,34,14.6,1,1.0,1,8.4,1,1.0,1,8.4,0,0,True,True
,-1.0,,,,-1.0,1,26.0,26,15.4,1,1.0,1,8.4,1,1.0,1,20.2,0,0,False,False
1.0,,,,,1.0,1,57.0,57,23.2,1,1.0,1,8.4,1,1.0,1,8.4,0,0,True,True
,,1.0,,,1.0,1,34.0,34,17.7,1,1.0,1,-3.5,1,1.0,1,20.2,0,0,False,False
1.0,,,,,1.0,2,5.5,11,11.9,1,1.0,1,8.4,1,1.0,1,-3.5,0,0,False,False
,,-1.0,,,-1.0,1,27.0,27,16.6,1,1.0,1,8.4,1,1.0,1,-3.5,0,0,False,False
,,,-1.0,,-1.0,1,32.0,32,16.2,1,1.0,1,8.4,1,1.0,1,20.2,0,0,False,False
,-1.0,,,,-1.0,1,22.0,22,15.0,1,1.0,1,8.4,1,1.0,1,20.2,0,0,False,False
,,,1.0,,1.0,2,24.0,48,22.4,1,1.0,1,20.2,1,1.0,1,8.4,0,0,False,False
,,,-1.0,,-1.0,2,25.0,50,22.0,1,1.0,1,8.4,1,1.0,1,20.2,0,0,False,False
,,,0.0,,0.0,1,43.0,43,22.0,1,1.0,1,8.4,1,1.0,1,20.2,0,0,False,False
1.0,,,,,1.0,1,19.0,19,10.7,1,1.0,1,8.4,1,1.0,1,20.2,0,0,False,False
,,,0.0,,0.0,1,34.0,34,17.4,1,1.0,1,8.4,1,1.0,1,20.2,0,0,False,False
1.0,,,,,1.0,2,16.5,33,6.6,1,1.0,1,8.4,1,1.0,1,20.2,0,0,False,False
,,,-1.0,,-1.0,1,20.0,20,10.7,1,1.0,1,-3.5,1,1.0,1,20.2,0,0,False,False
1.0,,,,,1.0,2,18.5,37,17.7,1,1.0,1,8.4,1,1.0,1,8.4,0,0,True,True
,,,-1.0,,-1.0,1,35.0,35,19.7,1,1.0,1,8.4,1,1.0,1,20.2,0,0,False,False
-1.0,,,,,-1.0,1,49.0,49,20.8,1,1.0,1,-3.5,1,1.0,1,-3.5,0,0,True,True
,,,1.0,,1.0,3,14.0,42,4.9,1,1.0,1,20.2,1,1.0,1,20.2,0,0,False,False
1.0,,,,,1.0,1,8.0,8,7.2,1,1.0,1,8.4,1,1.0,1,-3.5,0,0,False,False
,,-1.0,,,-1.0,1,16.0,16,12.3,1,1.0,1,8.4,1,1.0,1,20.2,0,0,False,False
,,,-1.0,,-1.0,2,21.5,43,21.7,1,1.0,1,-3.5,1,1.0,1,20.2,0,0,False,False
1.0,,,,,1.0,1,15.0,15,12.3,1,1.0,1,8.4,1,1.0,1,20.2,0,0,False,False
,,1.0,,,1.0,1,31.0,31,19.7,1,1.0,1,-3.5,1,1.0,1,20.2,0,0,False,False
,,1.0,,,1.0,1,36.0,36,7.2,1,1.0,1,-3.5,1,1.0,1,-3.5,0,0,True,True
,,,0.0,,0.0,1,20.0,20,11.5,1,1.0,1,8.4,1,1.0,1,8.4,0,0,True,True
,-1.0,,,,-1.0,1,30.0,30,17.8,1,1.0,1,8.4,1,1.0,1,20.2,0,0,False,False
1.0,,,,,1.0,1,23.0,23,14.2,1,1.0,1,8.4,1,1.0,1,8.4,0,0,False,False
,,-1.0,,,-1.0,1,57.0,57,24.8,1,1.0,1,8.4,1,1.0,1,-3.5,0,0,False,False
,,,0.0,,0.0,1,29.0,29,14.2,1,1.0,1,8.4,1,1.0,1,8.4,0,0,True,True
,,,-1.0,,-1.0,1,22.0,22,10.3,1,1.0,1,-3.5,1,1.0,1,8.4,0,0,False,False
1.0,,,,,1.0,1,27.0,27,16.2,1,1.0,1,8.4,1,1.0,1,20.2,0,0,False,False
,,-1.0,,,-1.0,1,38.0,38,19.3,1,1.0,1,8.4,1,1.0,1,20.2,0,0,False,False
,,,1.0,,1.0,1,31.0,31,12.6,1,1.0,1,20.2,1,1.0,1,8.4,0,0,False,False
1.0,,,,,1.0,1,50.0,50,23.6,1,1.0,1,8.4,1,1.0,1,8.4,0,0,True,True
,,1.0,,,1.0,1,53.0,53,25.6,1,1.0,1,-3.5,1,1.0,1,20.2,0,0,False,False
,1.0,,,,1.0,1,15.0,15,4.8,1,1.0,1,8.4,1,1.0,1,20.2,0,0,False,False
,,,0.0,,0.0,1,33.0,33,16.2,1,1.0,1,8.4,1,1.0,1,20.2,0,0,False,False
,,,0.0,,0.0,1,21.0,21,9.9,1,1.0,1,8.4,1,1.0,1,8.4,0,0,True,True
,-1.0,,,,-1.0,1,23.0,23,16.6,1,1.0,1,8.4,1,1.0,1,8.4,0,0,False,False
,,,,,,1,24.0,24,9.5,1,1.0,1,-3.5,1,1.0,1,8.4,0,0,False,False
,,1.0,,,1.0,1,24.0,24,17.0,1,1.0,1,-3.5,1,1.0,1,-3.5,0,0,True,True
,,,-1.0,,-1.0,1,13.0,13,11.5,1,1.0,1,8.4,1,1.0,1,8.4,0,0,True,True
,,1.0,,,1.0,1,43.0,43,20.9,1,1.0,1,-3.5,1,1.0,1,20.2,0,0,False,False
1.0,,,,,1.0,1,11.0,11,4.4,1,1.0,1,8.4,1,1.0,1,20.2,0,0,False,False
1.0,,,,,1.0,1,21.0,21,9.9,1,1.0,1,8.4,1,1.0,1,20.2,0,0,False,False
,,,,,0.0,1,8.0,8,2.1,1,14.0,14,6.0,1,1.0,1,8.4,0,13,False,False
-1.0,,,,,-1.0,2,25.0,50,13.8,1,1.0,1,-3.5,1,1.0,1,-3.5,0,0,True,True
,,-1.0,,,-1.0,1,17.0,17,6.0,1,1.0,1,8.4,1,1.0,1,20.2,0,0,False,False
,,,0.0,,0.0,1,21.0,21,13.5,1,1.0,1,8.4,1,1.0,1,20.2,0,0,False,False
,,,1.0,,1.0,1,25.0,25,12.7,1,1.0,1,20.2,1,1.0,1,20.2,0,0,False,False
1.0,,,,,1.0,1,41.0,41,16.9,1,1.0,1,8.4,1,1.0,1,20.2,0,0,False,False
,,-1.0,,,-1.0,1,34.0,34,18.5,1,1.0,1,8.4,1,1.0,1,8.4,0,0,False,False
,,1.0,,,1.0,1,20.0,20,11.7,1,1.0,1,-3.5,1,1.0,1,20.2,0,0,False,False
1.0,,,,,1.0,1,40.0,40,19.3,1,1.0,1,8.4,1,1.0,1,20.2,0,0,False,False
,-1.0,,,,-1.0,1,18.0,18,7.2,1,1.0,1,-3.5,1,1.0,1,20.2,0,0,False,False
1.0,,,,,1.0,2,15.0,30,20.9,1,1.0,1,8.4,1,1.0,1,8.4,0,0,True,True
,,,1.0,,1.0,2,11.5,23,9.7,1,1.0,1,20.2,1,1.0,1,20.2,0,0,False,False
,-1.0,,,,-1.0,1,31.0,31,17.0,1,1.0,1,8.4,1,1.0,1,-3.5,0,0,False,False
,,,0.0,,0.0,1,14.0,14,8.4,1,1.0,1,8.4,1,1.0,1,8.4,0,0,True,True
,-1.0,,,,-1.0,2,9.0,18,13.1,1,1.0,1,8.4,1,1.0,1,20.2,0,0,False,False
1.0,,,,,1.0,2,13.5,27,9.0,1,1.0,1,8.4,1,1.0,1,8.4,0,0,True,True
1.0,,,,,1.0,1,38.0,38,14.2,1,1.0,1,8.4,1,1.0,1,20.2,0,0,False,False
1.0,,,,,1.0,1,37.0,37,16.2,1,1.0,1,8.4,1,1.0,1,20.2,0,0,False,False
1.0,,,,,1.0,1,22.0,22,14.6,1,1.0,1,8.4,1,1.0,1,8.4,0,0,True,True
,,,0.0,,0.0,1,15.0,15,3.6,1,1.0,1,8.4,1,1.0,1,20.2,0,0,False,False
1.0,,,,,1.0,1,11.0,11,15.5,1,1.0,1,8.4,1,1.0,1,8.4,0,0,False,False
,,,1.0,,1.0,1,19.0,19,12.7,1,1.0,1,20.2,1,1.0,1,-3.5,0,0,False,False
1.0,,,,,1.0,1,13.0,13,6.4,1,1.0,1,8.4,1,1.0,1,8.4,0,0,False,False
,,1.0,,,1.0,1,25.0,25,9.1,1,1.0,1,-3.5,1,1.0,1,-3.5,0,0,True,True
1.0,,,,,1.0,1,30.0,30,18.1,1,1.0,1,8.4,1,1.0,1,8.4,0,0,False,False
,,,-1.0,,-1.0,1,76.0,76,26.7,1,1.0,1,-3.5,1,1.0,1,20.2,0,0,False,False
,,,0.0,,0.0,1,20.0,20,15.4,1,1.0,1,8.4,1,1.0,1,8.4,0,0,True,True
1.0,,,,,1.0,2,10.0,20,14.6,1,1.0,1,8.4,1,1.0,1,8.4,0,0,True,True
,,1.0,,,1.0,1,60.0,60,25.1,1,1.0,1,-3.5,1,1.0,1,20.2,0,0,False,False
1.0,,,,,1.0,2,21.5,43,21.6,1,1.0,1,8.4,1,1.0,1,20.2,0,0,False,False
1.0,,,,,1.0,1,24.0,24,13.1,1,1.0,1,8.4,1,1.0,1,8.4,0,0,True,True
,,,-1.0,,-1.0,1,23.0,23,11.5,1,1.0,1,8.4,1,1.0,1,20.2,0,0,False,False
,-1.0,,,,-1.0,1,28.0,28,14.2,1,1.0,1,8.4,1,1.0,1,20.2,0,0,False,False
,-1.0,,,,-1.0,1,24.0,24,16.2,1,1.0,1,8.4,1,1.0,1,8.4,0,0,False,False
,,,0.0,,0.0,3,22.666666666666668,68,9.5,1,1.0,1,8.4,1,1.0,1,8.4,0,0,True,True
-1.0,,,,,-1.0,1,21.0,21,20.1,1,1.0,1,8.4,1,1.0,1,8.4,0,0,True,True
1.0,,,,,1.0,1,31.0,31,17.8,1,1.0,1,8.4,1,1.0,1,8.4,0,0,True,True
,,1.0,,,1.0,1,33.0,33,11.1,1,1.0,1,-3.5,1,1.0,1,20.2,0,0,False,False
,,-1.0,,,-1.0,1,45.0,45,24.4,1,1.0,1,8.4,1,1.0,1,-3.5,0,0,False,False
,,1.0,,,1.0,1,52.0,52,20.8,1,1.0,1,-3.5,1,1.0,1,-3.5,0,0,True,True
1.0,,,,,1.0,1,22.0,22,9.1,1,1.0,1,8.4,1,1.0,1,-3.5,0,0,False,False
,,,-1.0,,-1.0,1,20.0,20,10.3,1,1.0,1,8.4,1,1.0,1,20.2,0,0,False,False
,,,1.0,,1.0,1,32.0,32,18.2,1,1.0,1,20.2,1,1.0,1,8.4,0,0,False,False
,,,0.0,,0.0,1,11.0,11,8.4,1,1.0,1,8.4,1,1.0,1,8.4,0,0,False,False
,,1.0,,,1.0,2,15.5,31,18.5,1,1.0,1,-3.5,1,1.0,1,20.2,0,0,False,False
,,-1.0,,,-1.0,1,19.0,19,12.3,1,1.0,1,8.4,1,1.0,1,20.2,0,0,False,False
1.0,,,,,1.0,2,27.0,54,14.4,1,1.0,1,8.4,1,1.0,1,-3.5,0,0,False,False
,,-1.0,,,-1.0,1,30.0,30,13.0,1,1.0,1,8.4,1,1.0,1,20.2,0,0,False,False
,,1.0,,,1.0,1,31.0,31,13.0,1,1.0,1,-3.5,1,1.0,1,-3.5,0,0,True,True
,,-1.0,,,-1.0,1,20.0,20,12.7,1,1.0,1,8.4,1,1.0,1,8.4,0,0,False,False
,,1.0,,,1.0,1,17.0,17,16.6,1,1.0,1,-3.5,1,1.0,1,-3.5,0,0,True,True
,-1.0,,,,-1.0,1,23.0,23,11.5,1,1.0,1,8.4,1,1.0,1,20.2,0,0,False,False
-1.0,,,,,-1.0,1,43.0,43,20.9,1,1.0,1,-3.5,1,1.0,1,8.4,0,0,False,False
,,-1.0,,,-1.0,2,26.0,52,9.5,1,1.0,1,8.4,1,1.0,1,20.2,0,0,False,False
,,,1.0,,1.0,1,26.0,26,13.8,1,1.0,1,20.2,1,1.0,1,8.4,0,0,False,False
,,1.0,,,1.0,1,25.0,25,19.3,1,1.0,1,-3.5,1,1.0,1,8.4,0,0,False,False
,1.0,,,,1.0,1,8.0,8,7.2,1,1.0,1,8.4,1,1.0,1,8.4,0,0,True,True
,,1.0,,,1.0,1,26.0,26,4.2,1,1.0,1,-3.5,1,1.0,1,-3.5,0,0,True,True
,,,1.0,,1.0,1,23.0,23,10.7,1,1.0,1,20.2,1,1.0,1,8.4,0,0,False,False
,,1.0,,,1.0,2,28.5,57,13.6,1,1.0,1,-3.5,1,1.0,1,8.4,0,0,False,False
,,,-1.0,,-1.0,1,12.0,12,19.0,1,1.0,1,8.4,1,1.0,1,-3.5,0,0,False,False
,,,1.0,,1.0,2,12.0,24,4.6,1,1.0,1,20.2,1,1.0,1,8.4,0,0,False,False
1.0,,,,,1.0,2,15.5,31,15.4,1,1.0,1,8.4,1,1.0,1,8.4,0,0,True,True
,-1.0,,,,-1.0,1,33.0,33,15.8,1,1.0,1,8.4,1,1.0,1,8.4,0,0,True,True
,-1.0,,,,-1.0,1,24.0,24,13.8,1,1.0,1,8.4,1,1.0,1,20.2,0,0,False,False
,,,-1.0,,-1.0,1,20.0,20,15.4,1,1.0,1,8.4,1,1.0,1,20.2,0,0,False,False
1.0,,,,,1.0,2,15.5,31,15.8,1,1.0,1,8.4,1,1.0,1,8.4,0,0,True,True
,-1.0,,,,-1.0,1,25.0,25,14.6,1,1.0,1,8.4,1,1.0,1,20.2,0,0,False,False
,,,-1.0,,-1.0,1,42.0,42,18.1,1,1.0,1,8.4,1,1.0,1,8.4,0,0,False,False
1.0,,,,,1.0,2,11.5,23,12.7,1,1.0,1,8.4,1,1.0,1,20.2,0,0,False,False
,-1.0,,,,-1.0,1,55.0,55,27.5,1,1.0,1,8.4,1,1.0,1,20.2,0,0,False,False
1.0,,,,,1.0,1,12.0,12,13.5,1,1.0,1,8.4,1,1.0,1,8.4,0,0,True,True
1.0,,,,,1.0,2,10.5,21,15.8,1,1.0,1,8.4,1,1.0,1,8.4,0,0,True,True
,-1.0,,,,-1.0,1,27.0,27,14.2,1,1.0,1,8.4,1,1.0,1,20.2,0,0,False,False
1.0,,,,,1.0,1,15.0,15,13.1,1,1.0,1,8.4,1,1.0,1,8.4,0,0,False,False
,,1.0,,,1.0,1,11.0,11,6.0,1,1.0,1,-3.5,1,1.0,1,-3.5,0,0,True,True
1.0,,,,,1.0,1,31.0,31,13.4,1,1.0,1,8.4,1,1.0,1,8.4,0,0,True,True
,,1.0,,,1.0,1,39.0,39,20.1,1,1.0,1,-3.5,1,1.0,1,20.2,0,0,False,False
,,1.0,,,1.0,1,35.0,35,8.2,1,1.0,1,-3.5,1,1.0,1,-3.5,0,0,True,True
1.0,,,,,1.0,1,15.0,15,9.5,1,1.0,1,8.4,1,1.0,1,8.4,0,0,False,False
,-1.0,,,,-1.0,2,8.5,17,15.8,1,1.0,1,8.4,1,1.0,1,-3.5,0,0,False,False
,,,-1.0,,-1.0,1,23.0,23,13.1,1,1.0,1,8.4,1,1.0,1,20.2,0,0,False,False
1.0,,,,,1.0,1,61.0,61,25.9,1,1.0,1,8.4,1,1.0,1,20.2,0,0,False,False
,,,1.0,,1.0,1,32.0,32,7.8,1,1.0,1,20.2,1,1.0,1,8.4,0,0,False,False
,,,-1.0,,-1.0,2,23.5,47,16.9,1,1.0,1,-3.5,1,1.0,1,8.4,0,0,False,False
1.0,,,,,1.0,1,9.0,9,2.9,1,1.0,1,8.4,1,1.0,1,20.2,0,0,False,False
,1.0,,,,1.0,1,27.0,27,17.4,1,1.0,1,8.4,1,1.0,1,8.4,0,0,False,False
1.0,,,,,1.0,1,40.0,40,18.1,1,1.0,1,8.4,1,1.0,1,-3.5,0,0,False,False
,,-1.0,,,-1.0,1,33.0,33,20.1,1,1.0,1,8.4,1,1.0,1,20.2,0,0,False,False
,,1.0,,,1.0,1,10.0,10,9.2,1,1.0,1,-3.5,1,1.0,1,8.4,0,0,False,False
,,,-1.0,,-1.0,1,39.0,39,20.5,1,1.0,1,8.4,1,1.0,1,8.4,0,0,False,False
,,,0.0,,0.0,2,19.0,38,13.5,1,1.0,1,8.4,1,1.0,1,8.4,0,0,True,True
,,1.0,,,1.0,2,19.5,39,8.8,1,1.0,1,-3.5,1,1.0,1,-3.5,0,0,True,True
,,,-1.0,,-1.0,1,11.0,11,11.9,1,1.0,1,8.4,1,1.0,1,8.4,0,0,True,True
1.0,,,,,1.0,1,14.0,14,16.6,1,1.0,1,8.4,1,1.0,1,-3.5,0,0,False,False
,-1.0,,,,-1.0,1,32.0,32,18.5,1,1.0,1,-3.5,1,1.0,1,20.2,0,0,False,False
1.0,,,,,1.0,1,15.0,15,11.1,1,1.0,1,8.4,1,1.0,1,8.4,0,0,True,True
1.0,,,,,1.0,1,15.0,15,6.4,1,1.0,1,8.4,1,1.0,1,20.2,0,0,False,False
,,,-1.0,,-1.0,1,20.0,20,13.5,1,1.0,1,-3.5,1,1.0,1,8.4,0,0,False,False
,,,0.0,,0.0,1,40.0,40,17.7,1,1.0,1,8.4,1,1.0,1,8.4,0,0,True,True
1.0,,,,,1.0,3,9.0,27,7.8,1,1.0,1,8.4,1,1.0,1,8.4,0,0,True,True
,-1.0,,,,-1.0,1,26.0,26,17.4,1,1.0,1,8.4,1,1.0,1,20.2,0,0,False,False
,-1.0,,,,-1.0,1,30.0,30,14.2,1,1.0,1,8.4,1,1.0,1,20.2,0,0,False,False
1.0,,,,,1.0,1,31.0,31,15.0,1,1.0,1,8.4,1,1.0,1,20.2,0,0,False,False
,,1.0,,,1.0,1,30.0,30,15.8,1,1.0,1,-3.5,1,1.0,1,20.2,0,0,False,False
,,1.0,,,1.0,1,75.0,75,9.9,1,1.0,1,-3.5,1,1.0,1,8.4,0,0,False,False
,,,-1.0,,-1.0,2,14.0,28,11.1,1,1.0,1,8.4,1,1.0,1,8.4,0,0,False,False
,,1.0,,,1.0,1,31.0,31,9.9,1,1.0,1,-3.5,1,1.0,1,-3.5,0,0,True,True
,,,-1.0,,-1.0,2,9.5,19,10.3,1,1.0,1,8.4,1,1.0,1,20.2,0,0,False,False
,,-1.0,,,-1.0,1,17.0,17,12.7,1,1.0,1,8.4,1,1.0,1,-3.5,0,0,False,False
,1.0,,,,1.0,1,14.0,14,15.4,1,1.0,1,8.4,1,1.0,1,20.2,0,0,False,False
,,,1.0,,1.0,2,19.5,39,8.9,1,1.0,1,20.2,1,1.0,1,8.4,0,0,False,False
,,,1.0,,1.0,1,29.0,29,13.0,1,1.0,1,20.2,1,1.0,1,8.4,0,0,False,False
,,,-1.0,,-1.0,1,20.0,20,9.9,1,1.0,1,8.4,1,1.0,1,8.4,0,0,False,False
,,1.0,,,1.0,1,26.0,26,21.3,1,1.0,1,-3.5,1,1.0,1,-3.5,0,0,True,True
,,,-1.0,,-1.0,2,22.5,45,22.8,1,1.0,1,8.4,1,1.0,1,8.4,0,0,True,True
,-1.0,,,,-1.0,1,17.0,17,15.0,1,1.0,1,-3.5,1,1.0,1,20.2,0,0,False,False
1.0,,,,,1.0,1,60.0,60,23.6,1,1.0,1,8.4,1,1.0,1,20.2,0,0,False,False
,,1.0,,,1.0,1,38.0,38,20.1,1,1.0,1,-3.5,1,1.0,1,20.2,0,0,False,False
,-1.0,,,,-1.0,1,43.0,43,19.3,1,1.0,1,8.4,1,1.0,1,8.4,0,0,True,True
,,,1.0,,1.0,1,14.0,14,13.9,1,1.0,1,20.2,1,1.0,1,-3.5,0,0,False,False
,,,-1.0,,-1.0,1,23.0,23,11.1,1,1.0,1,8.4,1,1.0,1,8.4,0,0,True,True
,,,0.0,,0.0,2,19.0,38,9.9,1,1.0,1,8.4,1,1.0,1,8.4,0,0,True,True
1.0,,,,,1.0,1,17.0,17,16.6,1,1.0,1,8.4,1,1.0,1,-3.5,0,0,False,False
,-1.0,,,,-1.0,1,15.0,15,13.9,1,1.0,1,8.4,1,1.0,1,8.4,0,0,True,True
1.0,,,,,1.0,1,22.0,22,10.3,1,1.0,1,8.4,1,1.0,1,20.2,0,0,False,False
1.0,,,,,1.0,1,28.0,28,11.9,1,1.0,1,8.4,1,1.0,1,8.4,0,0,False,False
1.0,,,,,1.0,1,31.0,31,15.4,1,1.0,1,8.4,1,1.0,1,20.2,0,0,False,False
,-1.0,,,,-1.0,3,17.333333333333332,52,10.3,1,1.0,1,8.4,1,1.0,1,8.4,0,0,True,True
1.0,,,,,1.0,1,42.0,42,21.3,1,1.0,1,8.4,1,1.0,1,20.2,0,0,False,False
,-1.0,,,,-1.0,1,13.0,13,13.9,1,1.0,1,8.4,1,1.0,1,8.4,0,0,False,False
,,1.0,,,1.0,1,30.0,30,18.9,1,1.0,1,-3.5,1,1.0,1,20.2,0,0,False,False
,,,-1.0,,-1.0,1,17.0,17,13.1,1,1.0,1,20.2,1,1.0,1,20.2,0,0,True,True
,,,,,,1,22.0,22,13.8,1,1.0,1,8.4,1,1.0,1,20.2,0,0,False,False
1.0,,,,,1.0,1,16.0,16,7.6,1,1.0,1,8.4,1,1.0,1,8.4,0,0,False,False
,,-1.0,,,-1.0,2,16.0,32,9.1,1,1.0,1,8.4,1,1.0,1,8.4,0,0,True,True
1.0,,,,,1.0,1,28.0,28,15.8,1,1.0,1,8.4,1,1.0,1,8.4,0,0,True,True
,,1.0,,,1.0,1,16.0,16,11.9,1,1.0,1,-3.5,1,1.0,1,-3.5,0,0,True,True
,,,-1.0,,-1.0,1,45.0,45,18.5,1,1.0,1,8.4,1,1.0,1,8.4,0,0,False,False
1.0,,,,,1.0,1,18.0,18,5.6,1,1.0,1,8.4,1,1.0,1,20.2,0,0,False,False
1.0,,,,,1.0,2,8.5,17,13.9,1,1.0,1,8.4,1,1.0,1,-3.5,0,0,False,False
,0.0,,,,0.0,1,65.0,65,29.8,1,1.0,1,20.2,1,1.0,1,-3.5,0,0,False,False
,,,,-1.0,-1.0,1,14.0,14,10.3,1,1.0,1,8.4,1,1.0,1,20.2,0,0,False,False
,-1.0,,,,-1.0,3,15.666666666666666,47,19.2,1,1.0,1,8.4,1,1.0,1,20.2,0,0,False,False
,,1.0,,,1.0,1,32.0,32,19.3,1,1.0,1,-3.5,1,1.0,1,20.2,0,0,False,False
,,-1.0,,,-1.0,1,59.0,59,23.6,1,1.0,1,8.4,1,1.0,1,8.4,0,0,False,False
,,,1.0,,1.0,1,17.0,17,8.8,1,1.0,1,20.2,1,1.0,1,20.2,0,0,False,False
,,,0.0,,0.0,2,8.0,16,12.3,1,1.0,1,8.4,1,1.0,1,8.4,0,0,False,False
,-1.0,,,,-1.0,1,47.0,47,21.6,1,1.0,1,8.4,1,1.0,1,20.2,0,0,False,False
,1.0,,,,1.0,2,14.0,28,20.9,1,1.0,1,8.4,1,1.0,1,8.4,0,0,False,False
,,1.0,,,1.0,1,28.0,28,14.6,1,1.0,1,-3.5,1,1.0,1,20.2,0,0,False,False
,,-1.0,,,-1.0,1,21.0,21,17.8,1,1.0,1,8.4,1,1.0,1,8.4,0,0,True,True
,-1.0,,,,-1.0,2,14.5,29,6.0,1,1.0,1,8.4,1,1.0,1,8.4,0,0,True,True
1.0,,,,,1.0,1,20.0,20,16.2,1,1.0,1,8.4,1,1.0,1,20.2,0,0,False,False
,,1.0,,,1.0,1,20.0,20,6.8,1,1.0,1,-3.5,1,1.0,1,-3.5,0,0,True,True
,,,-1.0,,-1.0,2,9.0,18,9.5,1,1.0,1,8.4,1,1.0,1,8.4,0,0,True,True
1.0,,,,,1.0,1,22.0,22,13.8,1,1.0,1,8.4,1,1.0,1,8.4,0,0,False,False
,,,0.0,,0.0,1,36.0,36,15.0,1,1.0,1,8.4,1,1.0,1,8.4,0,0,True,True
,-1.0,,,,-1.0,1,26.0,26,14.2,1,1.0,1,8.4,1,1.0,1,20.2,0,0,False,False
,,1.0,,,1.0,1,20.0,20,11.9,1,1.0,1,-3.5,1,1.0,1,-3.5,0,0,True,True
,,,0.0,,0.0,1,34.0,34,15.8,1,1.0,1,8.4,1,1.0,1,20.2,0,0,False,False
,,,1.0,,1.0,4,14.75,59,3.8,1,1.0,1,20.2,1,1.0,1,8.4,0,0,False,False
,,1.0,,,1.0,1,24.0,24,13.4,1,1.0,1,-3.5,1,1.0,1,20.2,0,0,False,False
,-1.0,,,,-1.0,1,38.0,38,20.1,1,1.0,1,8.4,1,1.0,1,20.2,0,0,False,False
,,,-1.0,,-1.0,1,33.0,33,13.0,1,1.0,1,-3.5,1,1.0,1,8.4,0,0,False,False
1.0,,,,,1.0,1,24.0,24,15.4,1,1.0,1,8.4,1,1.0,1,20.2,0,0,False,False
1.0,,,,,1.0,1,40.0,40,19.3,1,1.0,1,8.4,1,1.0,1,20.2,0,0,False,False
,,,-1.0,,-1.0,2,22.0,44,16.6,1,1.0,1,8.4,1,1.0,1,8.4,0,0,False,False
1.0,,,,,1.0,2,9.0,18,6.0,1,1.0,1,8.4,1,1.0,1,-3.5,0,0,False,False
1.0,,,,,1.0,1,40.0,40,19.3,1,1.0,1,8.4,1,1.0,1,20.2,0,0,False,False
,-1.0,,,,-1.0,1,22.0,22,20.5,1,1.0,1,8.4,1,1.0,1,8.4,0,0,True,True
,,,-1.0,,-1.0,1,18.0,18,12.3,1,1.0,1,-3.5,1,1.0,1,-3.5,0,0,True,True
,,1.0,,,1.0,1,31.0,31,15.4,1,1.0,1,-3.5,1,1.0,1,-3.5,0,0,True,True
,,,-1.0,,-1.0,2,10.5,21,13.5,1,1.0,1,-3.5,1,1.0,1,8.4,0,0,False,False
-1.0,,,,,-1.0,1,20.0,20,10.3,1,1.0,1,8.4,1,1.0,1,-3.5,0,0,False,False
,,1.0,,,1.0,1,23.0,23,16.6,1,1.0,1,-3.5,1,1.0,1,8.4,0,0,False,False
,,1.0,,,1.0,1,33.0,33,4.4,1,1.0,1,-3.5,1,1.0,1,-3.5,0,0,True,True
,,,-1.0,,-1.0,1,34.0,34,14.2,1,1.0,1,-3.5,1,1.0,1,8.4,0,0,False,False
,,,0.0,,0.0,1,26.0,26,11.5,1,1.0,1,8.4,1,1.0,1,20.2,0,0,False,False
,,-1.0,,,-1.0,1,20.0,20,9.9,1,1.0,1,8.4,1,1.0,1,8.4,0,0,False,False
1.0,,,,,1.0,2,13.5,27,13.4,1,1.0,1,8.4,1,1.0,1,-3.5,0,0,False,False
,-1.0,,,,-1.0,1,14.0,14,10.7,1,1.0,1,8.4,1,1.0,1,20.2,0,0,False,False
,,-1.0,,,-1.0,1,26.0,26,15.0,1,1.0,1,8.4,1,1.0,1,8.4,0,0,True,True
1.0,,,,,1.0,1,16.0,16,9.1,1,1.0,1,8.4,1,1.0,1,20.2,0,0,False,False
1.0,,,,,1.0,1,29.0,29,18.9,1,1.0,1,8.4,1,1.0,1,20.2,0,0,False,False
,,,-1.0,,-1.0,1,49.0,49,22.4,1,1.0,1,8.4,1,1.0,1,8.4,0,0,False,False
,,,0.0,,0.0,2,6.0,12,4.4,1,1.0,1,8.4,1,1.0,1,8.4,0,0,True,True
,0.0,,,,0.0,2,7.5,15,14.3,1,1.0,1,20.2,1,1.0,1,20.2,0,0,True,True
1.0,,,,,1.0,1,67.0,67,17.4,1,1.0,1,8.4,1,1.0,1,-3.5,0,0,False,False
1.0,,,,,1.0,2,34.5,69,15.2,1,1.0,1,8.4,1,1.0,1,20.2,0,0,False,False
,,,-1.0,,-1.0,2,11.5,23,15.4,1,1.0,1,8.4,1,1.0,1,8.4,0,0,True,True
,,,-1.0,,-1.0,1,30.0,30,17.4,1,1.0,1,8.4,1,1.0,1,8.4,0,0,False,False
,,,1.0,,1.0,2,13.0,26,12.3,1,1.0,1,20.2,1,1.0,1,8.4,0,0,False,False
,-1.0,,,,-1.0,1,46.0,46,25.2,1,1.0,1,8.4,1,1.0,1,20.2,0,0,False,False
1.0,,,,,1.0,1,31.0,31,15.0,1,1.0,1,8.4,1,1.0,1,20.2,0,0,False,False
,-1.0,,,,-1.0,1,45.0,45,23.2,1,1.0,1,8.4,1,1.0,1,20.2,0,0,False,False
,,,0.0,,0.0,1,32.0,32,17.4,1,1.0,1,8.4,1,1.0,1,20.2,0,0,False,False
,,1.0,,,1.0,2,13.0,26,11.5,1,1.0,1,-3.5,1,1.0,1,-3.5,0,0,True,True
,,,0.0,,0.0,1,34.0,34,17.0,1,1.0,1,8.4,1,1.0,1,20.2,0,0,False,False
,,1.0,,,1.0,1,48.0,48,18.1,1,1.0,1,-3.5,1,1.0,1,-3.5,0,0,True,True
,,,-1.0,,-1.0,1,27.0,27,15.8,1,1.0,1,8.4,1,1.0,1,8.4,0,0,False,False
,-1.0,,,,-1.0,1,19.0,19,16.2,1,1.0,1,8.4,1,1.0,1,20.2,0,0,False,False
,,,-1.0,,-1.0,1,37.0,37,20.1,1,1.0,1,-3.5,1,1.0,1,20.2,0,0,False,False
1.0,,,,,1.0,1,28.0,28,15.8,1,1.0,1,8.4,1,1.0,1,8.4,0,0,True,True
,0.0,,,,0.0,1,40.0,40,20.9,1,1.0,1,20.2,1,1.0,1,20.2,0,0,False,False
1.0,,,,,1.0,1,31.0,31,17.8,1,1.0,1,8.4,1,1.0,1,-3.5,0,0,False,False
1.0,,,,,1.0,1,47.0,47,21.6,1,1.0,1,8.4,1,1.0,1,8.4,0,0,False,False
,,-1.0,,,-1.0,2,8.5,17,10.3,1,1.0,1,8.4,1,1.0,1,-3.5,0,0,False,False
,,,-1.0,,-1.0,2,10.5,21,5.8,1,1.0,1,8.4,1,1.0,1,8.4,0,0,False,False
,,,-1.0,,-1.0,1,55.0,55,11.0,1,1.0,1,8.4,1,1.0,1,20.2,0,0,False,False
,-1.0,,,,-1.0,1,13.0,13,5.6,1,1.0,1,8.4,1,1.0,1,8.4,0,0,True,True
,1.0,,,,1.0,1,44.0,44,19.3,1,1.0,1,8.4,1,1.0,1,20.2,0,0,False,False
,-1.0,,,,-1.0,1,34.0,34,19.3,1,1.0,1,8.4,1,1.0,1,20.2,0,0,False,False
,,,-1.0,,-1.0,1,39.0,39,19.3,1,1.0,1,-3.5,1,1.0,1,8.4,0,0,False,False
,,1.0,,,1.0,1,108.0,108,21.4,1,1.0,1,-3.5,1,1.0,1,-3.5,0,0,True,True
,,1.0,,,1.0,2,15.5,31,9.2,1,1.0,1,-3.5,1,1.0,1,20.2,0,0,False,False
1.0,,,,,1.0,1,17.0,17,11.9,1,1.0,1,8.4,1,1.0,1,20.2,0,0,False,False
,,1.0,,,1.0,1,22.0,22,17.0,1,1.0,1,-3.5,1,1.0,1,20.2,0,0,False,False
,-1.0,,,,-1.0,1,16.0,16,12.7,1,1.0,1,8.4,1,1.0,1,20.2,0,0,False,False
,,,,,,1,13.0,13,12.3,1,1.0,1,8.4,1,1.0,1,-3.5,0,0,False,False
1.0,,,,,1.0,1,23.0,23,16.2,1,1.0,1,8.4,1,1.0,1,20.2,0,0,False,False
,,-1.0,,,-1.0,1,24.0,24,14.2,1,1.0,1,8.4,1,1.0,1,20.2,0,0,False,False
,,,0.0,,0.0,1,17.0,17,1.1,1,1.0,1,8.4,1,1.0,1,8.4,0,0,True,True
,,1.0,,,1.0,1,19.0,19,11.5,1,1.0,1,-3.5,1,1.0,1,20.2,0,0,False,False
,,1.0,,,1.0,1,48.0,48,24.0,1,1.0,1,-3.5,1,1.0,1,20.2,0,0,False,False
,,,-1.0,,-1.0,1,22.0,22,16.2,1,1.0,1,8.4,1,1.0,1,20.2,0,0,False,False
,,,0.0,,0.0,1,28.0,28,12.6,1,1.0,1,8.4,1,1.0,1,8.4,0,0,True,True
,,-1.0,,,-1.0,2,23.0,46,20.5,1,1.0,1,8.4,1,1.0,1,20.2,0,0,False,False
,,,-1.0,,-1.0,2,14.0,28,7.6,1,1.0,1,8.4,1,1.0,1,8.4,0,0,True,True
,,1.0,,,1.0,1,37.0,37,20.1,1,1.0,1,-3.5,1,1.0,1,20.2,0,0,False,False
1.0,,,,,1.0,1,34.0,34,16.2,1,1.0,1,8.4,1,1.0,1,20.2,0,0,False,False
1.0,,,,,1.0,3,11.0,33,9.3,1,1.0,1,8.4,1,1.0,1,8.4,0,0,True,True
1.0,,,,,1.0,1,24.0,24,15.8,1,1.0,1,8.4,1,1.0,1,8.4,0,0,True,True
,,,-1.0,,-1.0,1,17.0,17,6.8,1,1.0,1,8.4,1,1.0,1,8.4,0,0,True,True
,,1.0,,,1.0,1,56.0,56,24.8,1,1.0,1,-3.5,1,1.0,1,-3.5,0,0,True,True
1.0,,,,,1.0,2,16.0,32,18.1,1,1.0,1,8.4,1,1.0,1,8.4,0,0,True,True
,,1.0,,,1.0,1,32.0,32,16.2,1,1.0,1,-3.5,1,1.0,1,-3.5,0,0,True,True
1.0,,,,,1.0,1,24.0,24,9.1,1,1.0,1,8.4,1,1.0,1,20.2,0,0,False,False
,,,1.0,,1.0,1,11.0,11,7.6,1,1.0,1,20.2,1,1.0,1,8.4,0,0,False,False
,,,1.0,,1.0,1,23.0,23,12.7,1,1.0,1,20.2,1,1.0,1,20.2,0,0,False,False
1.0,,,,,1.0,2,14.0,28,16.6,1,1.0,1,8.4,1,1.0,1,8.4,0,0,True,True
,,1.0,,,1.0,1,33.0,33,8.4,1,1.0,1,-3.5,1,1.0,1,-3.5,0,0,True,True
,,,1.0,,1.0,1,24.0,24,7.0,1,1.0,1,20.2,1,1.0,1,8.4,0,0,False,False
1.0,,,,,1.0,1,34.0,34,14.6,1,1.0,1,8.4,1,1.0,1,8.4,0,0,True,True
1.0,,,,,1.0,1,25.0,25,8.0,1,1.0,1,8.4,1,1.0,1,20.2,0,0,False,False
,-1.0,,,,-1.0,3,14.333333333333334,43,11.7,1,1.0,1,8.4,1,1.0,1,-3.5,0,0,False,False
1.0,,,,,1.0,1,18.0,18,12.3,1,1.0,1,8.4,1,1.0,1,20.2,0,0,False,False
,,-1.0,,,-1.0,1,17.0,17,6.0,1,1.0,1,20.2,1,1.0,1,8.4,0,0,False,False
,,,-1.0,,-1.0,1,32.0,32,6.2,1,1.0,1,8.4,1,1.0,1,20.2,0,0,False,False
,,1.0,,,1.0,1,12.0,12,5.2,1,1.0,1,-3.5,1,1.0,1,8.4,0,0,False,False
,,1.0,,,1.0,1,29.0,29,17.8,1,1.0,1,-3.5,1,1.0,1,20.2,0,0,False,False
,,,-1.0,,-1.0,2,13.5,27,4.6,1,1.0,1,-3.5,1,1.0,1,8.4,0,0,False,False
,,,-1.0,,-1.0,2,17.5,35,14.6,1,1.0,1,-3.5,1,1.0,1,20.2,0,0,False,False
1.0,,,,,1.0,1,29.0,29,18.9,1,1.0,1,8.4,1,1.0,1,8.4,0,0,True,True
,,1.0,,,1.0,2,7.0,14,16.6,1,1.0,1,-3.5,1,1.0,1,8.4,0,0,False,False
,,,-1.0,,-1.0,1,24.0,24,14.6,1,1.0,1,-3.5,1,1.0,1,8.4,0,0,False,False
,,1.0,,,1.0,1,35.0,35,15.0,1,1.0,1,-3.5,1,1.0,1,20.2,0,0,False,False
,,,-1.0,,-1.0,2,13.0,26,6.8,1,1.0,1,8.4,1,1.0,1,20.2,0,0,False,False
,,,-1.0,,-1.0,1,48.0,48,9.7,1,1.0,1,-3.5,1,1.0,1,8.4,0,0,False,False
,1.0,,,,1.0,1,30.0,30,14.2,1,1.0,1,8.4,1,1.0,1,20.2,0,0,False,False
1.0,,,,,1.0,2,21.5,43,20.5,1,1.0,1,8.4,1,1.0,1,8.4,0,0,True,True
,,1.0,,,1.0,1,43.0,43,15.0,1,1.0,1,-3.5,1,1.0,1,-3.5,0,0,True,True
1.0,,,,,1.0,1,19.0,19,12.7,1,1.0,1,8.4,1,1.0,1,8.4,0,0,True,True
,-1.0,,,,-1.0,1,18.0,18,13.1,1,1.0,1,8.4,1,1.0,1,20.2,0,0,False,False
,,,1.0,,1.0,1,7.0,7,6.8,1,1.0,1,20.2,1,1.0,1,20.2,0,0,False,False
1.0,,,,,1.0,1,35.0,35,14.2,1,1.0,1,8.4,1,1.0,1,8.4,0,0,True,True
1.0,,,,,1.0,1,25.0,25,15.4,1,1.0,1,8.4,1,1.0,1,8.4,0,0,False,False
,,1.0,,,1.0,1,31.0,31,18.5,1,1.0,1,-3.5,1,1.0,1,20.2,0,0,False,False
,,1.0,,,1.0,1,27.0,27,7.5,1,1.0,1,-3.5,1,1.0,1,-3.5,0,0,True,True
,,1.0,,,1.0,1,39.0,39,16.6,1,1.0,1,-3.5,1,1.0,1,-3.5,0,0,True,True
,,,-1.0,,-1.0,2,12.5,25,11.1,1,1.0,1,8.4,1,1.0,1,8.4,0,0,True,True
,,,1.0,,1.0,1,47.0,47,23.2,1,1.0,1,20.2,1,1.0,1,20.2,0,0,False,False
,,1.0,,,1.0,1,17.0,17,13.5,1,1.0,1,-3.5,1,1.0,1,-3.5,0,0,True,True
,,,-1.0,,-1.0,1,19.0,19,7.2,1,1.0,1,8.4,1,1.0,1,20.2,0,0,False,False
-1.0,,,,,-1.0,2,50.0,100,18.1,1,1.0,1,-3.5,1,1.0,1,8.4,0,0,False,False
1.0,,,,,1.0,2,24.0,48,22.0,1,1.0,1,8.4,1,1.0,1,20.2,0,0,False,False
-1.0,,,,,-1.0,2,16.0,32,18.9,1,1.0,1,-3.5,1,1.0,1,-3.5,0,0,True,True
,,1.0,,,1.0,2,28.5,57,25.2,1,1.0,1,-3.5,1,1.0,1,20.2,0,0,False,False
,,1.0,,,1.0,1,41.0,41,20.1,1,1.0,1,-3.5,1,1.0,1,-3.5,0,0,True,True
1.0,,,,,1.0,2,21.5,43,15.8,1,1.0,1,8.4,1,1.0,1,8.4,0,0,True,True
,-1.0,,,,-1.0,1,17.0,17,11.9,1,1.0,1,8.4,1,1.0,1,20.2,0,0,False,False
,,1.0,,,1.0,1,34.0,34,12.3,1,1.0,1,-3.5,1,1.0,1,-3.5,0,0,True,True
,,,-1.0,,-1.0,2,25.0,50,22.8,1,1.0,1,8.4,1,1.0,1,20.2,0,0,False,False
,,1.0,,,1.0,2,24.0,48,14.6,1,1.0,1,-3.5,1,1.0,1,20.2,0,0,False,False
1.0,,,,,1.0,1,27.0,27,18.2,1,1.0,1,8.4,1,1.0,1,-3.5,0,0,False,False
,,,0.0,,0.0,1,13.0,13,8.4,1,1.0,1,8.4,1,1.0,1,8.4,0,0,False,False
,,,0.0,,0.0,2,16.5,33,9.3,1,1.0,1,8.4,1,1.0,1,8.4,0,0,False,False
1.0,,,,,1.0,2,13.0,26,15.0,1,1.0,1,8.4,1,1.0,1,8.4,0,0,True,True
,,,-1.0,,-1.0,1,17.0,17,6.2,1,1.0,1,8.4,1,1.0,1,8.4,0,0,False,False
,,,-1.0,,-1.0,1,29.0,29,15.0,1,1.0,1,-3.5,1,1.0,1,8.4,0,0,False,False
,,1.0,,,1.0,2,8.5,17,11.1,1,1.0,1,-3.5,1,1.0,1,-3.5,0,0,True,True
1.0,,,,,1.0,1,36.0,36,14.2,1,1.0,1,8.4,1,1.0,1,8.4,0,0,True,True
,-1.0,,,,-1.0,1,21.0,21,8.7,1,1.0,1,8.4,1,1.0,1,8.4,0,0,False,False
,,1.0,,,1.0,1,41.0,41,16.6,1,1.0,1,-3.5,1,1.0,1,-3.5,0,0,True,True
1.0,,,,,1.0,1,16.0,16,14.3,1,1.0,1,8.4,1,1.0,1,8.4,0,0,True,True
,,1.0,,,1.0,1,28.0,28,9.5,1,1.0,1,-3.5,1,1.0,1,8.4,0,0,False,False
,,1.0,,,1.0,1,43.0,43,20.5,1,1.0,1,-3.5,1,1.0,1,8.4,0,0,False,False
,,,-1.0,,-1.0,1,11.0,11,6.0,1,1.0,1,8.4,1,1.0,1,20.2,0,0,False,False
,,,0.0,,0.0,1,37.0,37,19.3,1,1.0,1,8.4,1,1.0,1,20.2,0,0,False,False
,,1.0,,,1.0,2,9.0,18,11.1,1,1.0,1,-3.5,1,1.0,1,-3.5,0,0,True,True
,-1.0,,,,-1.0,1,30.0,30,21.3,1,1.0,1,8.4,1,1.0,1,20.2,0,0,False,False
,,1.0,,,1.0,1,23.0,23,16.2,1,1.0,1,-3.5,1,1.0,1,20.2,0,0,False,False
,,,,,0.0,1,2.0,2,-3.5,1,36.0,36,15.8,1,1.0,1,8.4,0,35,False,False
1.0,,,,,1.0,1,24.0,24,16.6,1,1.0,1,8.4,1,1.0,1,8.4,0,0,True,True
,,,-1.0,,-1.0,2,12.5,25,10.1,1,1.0,1,8.4,1,1.0,1,8.4,0,0,True,True
,,,-1.0,,-1.0,1,27.0,27,10.3,1,1.0,1,8.4,1,1.0,1,8.4,0,0,False,False
,,,-1.0,,-1.0,1,86.0,86,17.0,1,1.0,1,-3.5,1,1.0,1,20.2,0,0,False,False
,,,-1.0,,-1.0,2,15.0,30,7.7,1,1.0,1,-3.5,1,1.0,1,8.4,0,0,False,False
,-1.0,,,,-1.0,2,10.0,20,16.2,1,1.0,1,8.4,1,1.0,1,8.4,0,0,True,True
,,1.0,,,1.0,1,41.0,41,17.3,1,1.0,1,-3.5,1,1.0,1,-3.5,0,0,True,True
,,,,1.0,1.0,1,47.0,47,19.7,1,1.0,1,20.2,1,1.0,1,20.2,0,0,True,True
,,,0.0,,0.0,1,34.0,34,16.6,1,1.0,1,8.4,1,1.0,1,20.2,0,0,False,False
,,,1.0,,1.0,1,25.0,25,10.3,1,1.0,1,20.2,1,1.0,1,20.2,0,0,False,False
1.0,,,,,1.0,1,35.0,35,18.5,1,1.0,1,8.4,1,1.0,1,8.4,0,0,True,True
,,-1.0,,,-1.0,1,28.0,28,11.1,1,1.0,1,8.4,1,1.0,1,20.2,0,0,False,False
,,,-1.0,,-1.0,1,32.0,32,8.4,1,1.0,1,8.4,1,1.0,1,8.4,0,0,False,False
,-1.0,,,,-1.0,1,42.0,42,21.7,1,1.0,1,8.4,1,1.0,1,8.4,0,0,True,True
,,,0.0,,0.0,1,40.0,40,15.4,1,1.0,1,8.4,1,1.0,1,20.2,0,0,False,False
,,,0.0,,0.0,2,5.5,11,2.1,1,1.0,1,8.4,1,1.0,1,8.4,0,0,True,True
,-1.0,,,,-1.0,1,23.0,23,9.5,1,1.0,1,-3.5,1,1.0,1,20.2,0,0,False,False
,,1.0,,,1.0,3,26.333333333333332,79,12.2,1,1.0,1,-3.5,1,1.0,1,-3.5,0,0,True,True
,-1.0,,,,-1.0,1,16.0,16,12.7,1,1.0,1,8.4,1,1.0,1,20.2,0,0,False,False
,,-1.0,,,-1.0,1,23.0,23,11.9,1,1.0,1,8.4,1,1.0,1,20.2,0,0,False,False
,,,-1.0,,-1.0,2,14.5,29,15.8,1,1.0,1,-3.5,1,1.0,1,8.4,0,0,False,False
1.0,,,,,1.0,2,32.0,64,28.3,1,1.0,1,8.4,1,1.0,1,8.4,0,0,True,True
,,1.0,,,1.0,2,22.0,44,8.3,1,1.0,1,-3.5,1,1.0,1,20.2,0,0,False,False
,,1.0,,,1.0,1,38.0,38,13.0,1,1.0,1,-3.5,1,1.0,1,8.4,0,0,False,False
,,1.0,,,1.0,1,9.0,9,5.2,1,1.0,1,-3.5,1,1.0,1,-3.5,0,0,True,True
,,,-1.0,,-1.0,1,17.0,17,7.6,1,1.0,1,8.4,1,1.0,1,8.4,0,0,False,False
,,-1.0,,,-1.0,1,44.0,44,16.1,1,1.0,1,8.4,1,1.0,1,-3.5,0,0,False,False
,,1.0,,,1.0,1,30.0,30,8.8,1,1.0,1,-3.5,1,1.0,1,-3.5,0,0,True,True
,1.0,,,,1.0,1,29.0,29,15.0,1,1.0,1,8.4,1,1.0,1,20.2,0,0,False,False
1.0,,,,,1.0,2,8.5,17,8.0,1,1.0,1,8.4,1,1.0,1,8.4,0,0,True,True
-1.0,,,,,-1.0,1,19.0,19,16.2,1,1.0,1,-3.5,1,1.0,1,20.2,0,0,False,False
,,,-1.0,,-1.0,2,7.0,14,5.6,1,1.0,1,-3.5,1,1.0,1,8.4,0,0,False,False
,,1.0,,,1.0,1,14.0,14,10.7,1,1.0,1,-3.5,1,1.0,1,20.2,0,0,False,False
1.0,,,,,1.0,1,13.0,13,18.6,1,1.0,1,8.4,1,1.0,1,20.2,0,0,False,False
,,1.0,,,1.0,1,15.0,15,7.2,1,1.0,1,-3.5,1,1.0,1,-3.5,0,0,True,True
1.0,,,,,1.0,1,22.0,22,12.7,1,1.0,1,8.4,1,1.0,1,20.2,0,0,False,False
1.0,,,,,1.0,1,10.0,10,4.4,1,1.0,1,8.4,1,1.0,1,8.4,0,0,True,True
,,,-1.0,,-1.0,1,37.0,37,17.3,1,1.0,1,8.4,1,1.0,1,20.2,0,0,False,False
,-1.0,,,,-1.0,1,10.0,10,9.2,1,1.0,1,8.4,1,1.0,1,20.2,0,0,False,False
